0.115262 1.619 0.445014
0.0316806 1.65896 0.594129
-0.0481328 1.53112 0.666775
0.066852 1.74097 0.427277
0.0946519 1.63504 0.462346
0.0435038 1.7406 0.40314
-0.107898 1.7009 0.611287
0.0652383 1.72386 0.447035
-0.0610553 1.68261 0.535694
-0.0685249 1.51321 0.534302
-0.15796 1.61695 0.469397
0.0313506 1.72986 0.394336
0.0709417 1.76378 0.49644
0.0024463 1.68015 0.42965
0.139543 1.6977 0.566247
0.0543855 1.86272 0.429613
0.186494 1.67557 0.437115
0.142791 1.93948 0.494127
-0.0739892 1.43942 0.563776
-0.0837067 1.51294 0.64674
0.0806597 1.6291 0.395037
-0.0252687 1.86236 0.385547
-0.288881 1.57858 0.403889
0.0969132 1.63179 0.310363
0.00785617 1.94841 0.332437
0.113532 1.60382 0.281568
0.120448 1.61263 0.340445
-0.0923859 1.71927 0.341094
0.164775 1.65572 0.266663
0.107599 1.6804 0.361532
0.0223674 1.73527 0.583539
0.120171 1.70283 0.244631
0.209253 1.92798 0.265889
0.077508 1.56068 0.404627
0.1113 1.83198 0.445767
0.132637 1.63491 0.46285
-0.0294537 1.29751 0.437605
0.051868 1.76008 0.492099
0.00846293 1.5032 0.561082
0.0345664 1.95638 0.229198
0.0989269 1.54217 0.208008
0.110972 2.0128 0.336215
0.216045 1.76336 0.276492
-0.163117 1.88767 0.35818
-0.241644 1.55496 0.338537
-0.173593 1.45548 0.196418
0.183461 1.86677 0.437631
0.200639 1.7938 0.255641
-0.0740019 1.45469 0.16883
-0.209515 1.82886 0.451694
-0.15964 1.51426 0.43897
0.14924 1.55468 0.160298
0.137693 1.89821 0.272153
0.172609 1.97113 0.229352
0.309665 1.6333 0.37498
0.182679 1.69624 0.384028
-0.234655 1.45713 0.153552
0.103348 1.69773 0.565827
0.178529 1.96766 0.309826
0.116208 1.83212 0.353315
-0.169888 1.86341 0.446236
-0.231495 1.6494 0.164929
0.0791415 1.63136 0.504907
0.104453 1.44251 0.46086
-0.248899 1.54595 0.266437
-0.159632 1.62228 0.196941
0.0675149 1.72737 0.433233
0.279887 1.74308 0.361955
-0.303294 1.65386 0.27844
-0.265289 1.65222 0.410134
-0.0965935 1.31466 0.0648818
-0.0877673 1.35086 0.417004
0.191228 1.47794 0.0593813
0.0863926 1.58603 0.0141377
-0.290676 1.59411 0.390519
0.0622697 1.71108 0.295684
0.0896462 1.58567 -0.00823025
-0.159828 1.62284 0.545981
0.0560117 1.70982 0.537292
0.102418 1.60526 0.237033
0.0346654 1.71826 0.147987
-0.217181 1.31639 0.134617
-0.000342697 1.48834 0.605928
0.225681 1.50871 0.393725
0.200166 1.79783 0.204615
-0.10734 1.39877 0.224953
0.165467 1.97271 0.271022
-0.120785 1.30969 0.0703651
-0.186505 1.92268 0.427625
-0.196318 1.70876 0.457061
-0.0158279 1.2373 0.0402589
-0.237758 1.6264 0.461643
-0.0936727 1.69757 0.358306
0.101657 1.70398 0.477681
0.182033 1.96301 0.316597
-0.101292 1.38659 0.244169
0.138988 1.40561 0.325119
-0.0297956 1.51579 0.0108249
0.210046 1.69613 0.261117
0.0036208 1.45358 0.481419
0.155344 1.65488 0.121252
-0.251729 1.65195 0.270217
0.051575 1.65709 -0.0494227
-0.0880235 1.68781 0.568027
0.104934 1.62504 0.541195
-0.21964 1.74184 0.132423
-0.195156 1.18497 0.391708
0.147464 1.39049 -0.0709449
0.0711573 1.50848 0.238846
-0.227514 1.62618 0.209009
-0.0977747 1.94588 0.418857
0.150573 1.97321 0.30333
-0.026668 1.93583 0.423926
-0.319578 1.62206 0.0780967
0.186521 1.70878 -0.0574871
-0.0762226 1.23455 0.0645429
0.127997 1.83127 0.222006
0.192591 1.91919 0.088942
0.0157652 1.46501 0.503398
0.0672495 1.39972 -0.130054
0.0446854 1.45524 -0.121233
-0.261705 1.65828 0.119593
-0.0267846 1.17702 -0.0928124
0.122303 1.6499 0.624587
0.0838597 1.45437 0.119866
0.171578 1.48661 0.0833581
-0.0352303 1.46646 0.564757
-0.258233 1.6561 0.368553
0.0232759 1.73819 0.139645
0.131 1.71037 0.0829287
-0.283013 1.16752 0.375428
-0.295241 1.76258 0.253727
0.127684 1.85527 0.130931
0.179078 1.25904 0.112234
0.105132 1.85117 0.524577
-0.19998 1.75255 0.41506
0.0130277 1.48426 0.378698
0.210056 1.49348 0.0373345
-0.170244 2.00962 0.210469
0.123254 1.85421 0.0939451
-0.0954155 1.78512 0.330219
-0.265465 1.69507 0.33975
-0.0238532 1.18534 0.388035
0.264157 1.75537 0.13268
0.167698 1.7922 0.174677
0.0898064 1.60594 0.304639
-0.169126 1.84209 0.0793556
0.196408 1.73804 -0.0874533
-0.163398 1.89099 0.0678362
0.0230527 1.3911 -0.0748019
0.117089 1.62405 0.357128
0.0884857 1.56129 0.0921618
-0.244593 1.46685 0.0859571
-0.229425 1.42786 0.0547107
-0.22014 1.93397 0.0794613
0.1718 2.01913 0.22264
-0.0246769 1.82806 0.457018
-0.267498 1.65909 0.0411059
-0.174334 2.05171 0.022173
-0.308348 1.57915 0.238326
0.0450691 1.46588 0.237011
-0.0193939 1.50867 -0.0412331
-0.283841 1.51272 0.220165
0.082634 1.6016 0.104019
0.0971596 1.81466 0.0451749
-0.160048 1.28181 0.291918
0.178192 1.48706 0.425715
-0.0412933 1.95512 0.137467
-0.177747 1.82151 0.0923643
0.120405 1.28819 0.363096
0.0616814 1.40847 0.0922104
0.262475 1.27396 0.16938
0.0231336 1.23499 0.0694472
0.119527 1.03393 0.332212
0.0645996 1.74923 -0.0828964
0.164869 1.47259 0.363645
0.0912748 1.63404 0.0181311
0.0270961 1.29344 0.0904746
0.206325 1.55382 -0.0455576
0.211866 1.77325 -0.00482343
0.256509 1.18677 0.239781
-0.0904994 1.3121 0.366299
-0.217413 1.53954 0.013092
0.0558215 1.51501 -0.102547
0.116638 1.53372 0.0313621
0.121115 0.733667 0.414146
-0.269053 1.11182 0.45559
-0.191335 1.73679 0.0651569
-0.278725 1.68855 0.426994
-0.224535 1.4936 0.0483051
-0.004664 1.1395 -0.0617272
0.1306 1.27324 0.0839512
-0.311698 1.65697 0.356812
0.0208921 1.71678 0.0652748
-0.00910405 1.24139 0.418538
0.187734 1.73842 0.0768616
0.0185135 2.0105 0.134417
0.0486381 1.16231 0.433759
-0.1026 1.1383 -0.0526817
0.11164 1.60441 -0.0770098
0.151313 1.71338 -0.0203269
0.0975451 0.666127 0.37844
-0.00412901 1.21093 0.412983
-0.175439 1.88038 0.343796
0.098309 1.4436 0.318277
-0.061955 1.49425 -0.121772
0.189465 1.88697 0.434722
-0.259477 1.77652 0.162318
-0.190071 1.77503 0.0405261
0.30133 1.60211 0.049606
-0.241193 1.24337 0.308064
0.122827 0.677144 0.406089
-0.223814 1.82256 -0.0255774
-0.323287 1.67331 0.114876
0.0989639 1.80953 0.0209875
-0.18174 1.30137 0.217219
0.0704431 1.46984 -0.0409253
0.161869 1.06478 0.29233
0.130898 1.29697 0.347724
-0.270209 1.49104 0.0874807
0.0405334 1.69962 0.272891
-0.00431456 1.45741 0.595204
-0.260582 1.45853 0.240866
0.0107767 1.44772 0.00165433
-0.118222 1.33247 0.333498
-0.0895342 1.68839 0.263194
-0.0958465 1.32038 0.112696
0.0211376 1.17205 0.425049
0.184858 0.952537 0.157783
-0.31181 1.69774 0.0374349
-0.0235801 1.8372 0.307141
0.209346 1.81357 0.0367889
0.0972333 0.638872 0.346627
0.0652337 1.50456 0.473028
-0.163304 1.87259 0.108966
0.025773 1.65685 0.03616
0.00502382 1.89968 -0.0685705
0.310854 0.857119 0.210601
0.158879 2.00411 0.176818
0.256129 1.05634 0.183867
-0.0929602 1.72291 0.239768
-0.0023535 1.17324 0.0232683
-0.210099 1.75939 -0.0713485
-0.0572884 1.23315 0.366603
0.301877 1.62125 0.0705027
-0.241033 1.35073 0.157744
0.0108887 1.4781 0.377987
0.0591488 1.73852 0.0543848
-0.196032 1.69732 0.145233
-0.194116 1.52941 0.180527
-0.104387 1.3855 0.134151
-0.112456 1.93016 0.365639
0.072144 1.78051 -0.12623
0.111965 0.883694 0.0629668
-0.345681 1.63919 0.166599
0.244872 1.27834 0.107131
0.334292 1.69555 0.127205
-0.234319 1.00482 0.0328427
0.0533466 0.996279 0.407258
0.039256 1.75422 0.129354
-0.0256104 1.82862 -0.0529823
0.107259 1.131 0.293463
0.00723583 1.37887 0.130619
0.0813911 1.0156 -0.0657118
0.0845825 1.47989 0.518626
-0.198021 0.597941 0.0640677
0.218895 1.52044 0.22876
0.118839 0.935871 0.340625
0.091142 1.88708 0.544568
-0.198477 1.73702 0.131632
-0.340842 1.6803 0.213064
0.10735 0.59918 0.357872
0.0591776 1.73698 0.295017
-0.248606 1.02372 0.451174
0.0513717 1.47377 -0.0810118
-0.0844352 1.68014 0.172714
0.259862 1.76935 0.218577
0.198236 1.77412 0.0150451
-0.185472 0.953299 0.313786
0.123304 0.891191 -0.389854
0.113307 1.13484 -0.0432993
0.117575 1.95567 0.0903194
0.124803 1.28193 0.227703
-0.132154 0.817375 -0.194432
0.105318 0.833784 -0.162954
0.312884 1.62785 0.0700324
0.0484686 1.49273 -0.114958
0.159744 0.797873 -0.230361
-0.284069 1.78182 0.188558
0.0961903 1.68748 0.0353647
-0.153573 1.25772 0.321476
-0.104216 1.08564 0.0732938
0.0211234 1.07847 -0.013081
-0.155151 0.546588 0.0823735
-0.0561044 1.5296 -0.0354162
-0.0489216 0.875536 -0.432955
0.117543 0.941589 0.0166193
0.258587 0.916545 0.00543919
0.253545 0.873524 0.250769
-0.229844 0.986479 0.0486016
-0.041738 0.913278 -0.0769848
-0.307799 0.860899 0.0414215
-0.292814 1.23947 0.38875
-0.176478 1.664 0.465776
0.00746492 1.68996 -0.0715023
-0.172373 1.98931 0.203143
-0.240107 1.95828 0.249541
-0.17033 0.777982 -0.483336
0.147473 0.727171 -0.574226
-0.141731 1.77177 0.281493
-0.227656 1.18207 0.0781938
-0.193922 0.785695 0.265915
0.114386 1.62113 0.498762
-0.335135 1.73314 0.138183
0.20744 0.691521 0.332739
0.115175 0.844495 -0.0354806
-0.201847 1.21625 0.0615126
-0.124065 0.890917 0.18463
0.141311 0.604143 0.406653
-0.132633 0.892486 0.286101
0.0826659 0.781215 -0.0626138
0.222161 0.778748 -0.577494
-0.0801223 1.69023 0.074985
0.012387 1.50798 0.535808
-0.218133 1.08074 0.00261442
0.235572 1.36786 0.219328
-0.135574 0.937942 0.451444
-0.317882 0.997326 0.246298
0.0576872 2.02869 0.150413
-0.0260153 0.8808 0.309286
0.187133 1.25967 0.00352737
-0.0651114 1.66464 0.00516509
0.249582 1.27136 0.17131
-0.334912 1.7453 0.137236
-0.183897 1.19743 0.348451
0.0524041 1.71994 0.0511933
0.160127 0.810404 0.392558
0.200551 1.75172 0.00551356
0.202719 1.87539 0.170503
-0.0811751 0.736223 0.294142
0.147994 0.746187 -0.433537
0.0665983 1.04182 -0.094871
-0.106418 1.75249 0.191051
0.222387 1.01422 0.0233465
-0.071676 0.885348 -0.00687999
-0.0856895 1.40724 0.0703254
0.136288 0.912309 0.218631
0.0727848 1.43575 -0.0491029
-0.112328 0.969593 0.0198008
-0.2166 0.885595 0.114343
-0.199265 2.01086 0.200383
0.188118 1.00088 0.0600352
-0.26372 0.968852 0.295844
0.22245 0.97613 0.318237
-0.163478 0.823051 0.207355
0.0745868 0.687813 0.287736
-0.0407829 1.17797 -0.10662
-0.222944 0.908363 -0.0965836
-0.0832098 1.0727 0.0772253
0.0854615 1.82992 0.0417637
-0.290261 1.63284 0.16124
0.263142 1.00693 0.226831
-0.120037 1.68883 0.0783989
0.0832982 0.940478 -0.302342
-0.137636 0.5499 0.0562492
-0.166346 1.1203 0.262094
-0.156419 0.857164 -0.0320074
0.218211 1.71355 0.286938
0.274666 0.879271 -0.0233031
-0.198596 0.781084 0.0262048
0.0701432 1.17979 -0.0559277
0.129765 1.38517 0.143675
-0.0989197 0.777046 -0.0393097
0.0157669 1.48548 0.104995
0.015235 0.889647 -0.588141
0.0678017 1.02014 0.00661306
0.00501183 1.67302 0.245929
-0.180119 1.68837 0.380705
0.13981 1.39773 -0.0566702
-0.144371 0.606023 -0.549211
-0.0209065 0.802434 0.433202
0.0243281 0.944411 0.0191988
-0.132964 0.762899 0.0851665
-0.237946 0.782584 0.264265
-0.225882 0.625594 0.0516799
-0.188964 0.761877 -0.130751
-0.230327 0.784226 0.334978
-0.268277 0.827256 0.321706
-0.0493797 1.54293 0.266972
-0.205346 1.00529 0.231112
0.00606995 0.777338 0.129675
-0.249722 0.725554 -0.0998081
-0.0586468 0.75528 0.330661
0.0691649 0.892888 -0.423606
0.264461 1.44909 0.175922
-0.0926459 1.0777 0.0565673
-0.0226471 0.799319 -0.429245
0.0597921 1.02338 0.132597
-0.138725 1.38352 0.045765
-0.29327 1.1707 0.371071
-0.205222 0.850823 0.372788
0.0982854 0.806305 -0.648163
-0.156303 0.614895 -0.589806
0.135216 1.39804 0.218648
-0.0441538 0.771851 -0.00987981
-0.1411 0.846342 -0.577945
0.000328287 0.629206 -0.0892387
-0.0366654 0.863066 0.239642
-0.0480659 0.530426 0.139451
0.0404144 0.650582 -0.569631
0.129381 1.1341 -0.0974938
-0.241065 0.830076 -0.059962
0.141827 0.748092 -0.412333
-0.334587 0.714487 0.0201763
-0.147657 0.502134 -0.671484
-0.188078 0.897034 0.416965
0.268151 0.860467 0.13448
-0.0355038 1.68215 -0.100744
0.0649566 0.616593 0.293087
0.0453495 0.601946 0.3004
-0.229768 0.660751 -0.452268
-0.258403 0.785192 -0.162469
-0.150612 1.31462 0.161329
-0.102533 0.886856 0.275695
-0.18995 0.678894 0.0504081
-0.106193 0.483809 0.0489939
-0.26398 1.90155 0.15699
0.13489 1.85297 0.150288
0.10836 0.904867 0.0511231
0.184558 1.54162 0.0855266
0.01001 1.12464 0.202386
-0.194531 0.617548 0.021925
0.0368872 0.640459 0.403281
-0.206011 0.909882 0.33283
0.208432 1.32188 0.277335
0.158459 0.99653 -0.0560318
-0.332694 1.67062 0.188407
-0.284575 1.37593 0.217456
0.000247829 1.06644 -0.0542787
0.228041 0.896614 0.174421
0.0763334 1.84453 -0.0576935
0.214387 0.725931 -0.486523
0.218091 0.783014 0.17
0.0671118 0.892058 -0.47294
0.0982384 0.864625 -0.176155
0.0691953 0.57115 0.316399
-0.0853633 0.970317 0.120675
0.0519249 1.75979 -0.112948
0.0715432 0.601621 0.274967
-0.139972 0.75715 -0.596565
0.318768 1.54768 0.18508
-0.168333 1.30524 0.277053
0.0986074 0.508266 0.351251
-0.225881 1.04506 0.135969
0.207273 0.502708 0.302108
-0.256557 0.487509 -0.0357079
-0.0721635 1.03943 0.13577
-0.17135 0.987403 0.396706
0.139534 0.700242 -0.472366
0.202069 0.902814 0.167526
0.140869 0.866666 -0.136909
0.159555 0.803795 -0.172894
-0.228322 1.81207 -0.0497278
0.185822 0.614383 0.27502
-0.0202826 1.44846 -0.0899547
-0.0901898 0.846834 0.278774
-0.197189 0.778705 0.122791
0.127312 0.715429 -0.091025
-0.103918 1.7589 -0.00755093
-0.157678 1.67582 0.238158
-0.186538 1.17447 0.115246
0.00540821 0.725221 0.0478799
0.25653 0.438086 0.165852
-0.190912 0.799347 -0.56279
0.229312 0.798758 -0.0888189
0.0561358 1.71437 0.0107715
0.0668107 0.65139 -0.576945
0.193408 1.77919 0.0609903
0.243494 0.553053 0.318033
-0.10387 0.538067 0.23438
0.123817 0.838404 -0.010843
-0.117774 0.554437 0.0577255
-0.135987 1.20612 0.282631
0.0988542 0.679961 -0.556004
0.301409 1.79437 0.181894
0.188875 0.559355 0.283676
0.103089 0.728481 0.244155
0.0883022 0.703342 0.0966303
0.132578 0.639989 0.166221
0.255686 1.0741 0.113268
-0.175566 0.966691 0.0229601
0.0873287 0.762691 -0.663749
-0.100728 1.42815 -0.0632405
-0.300358 1.84095 0.0702836
0.145388 0.61115 0.237653
-0.220886 0.699854 -0.562462
-0.106272 0.900039 -0.048101
-0.0375739 1.15242 0.424205
-0.2399 0.667128 0.130419
-0.0947173 1.13636 0.28997
0.0898415 0.456792 -0.0083358
-0.180591 0.766878 -0.239184
0.0316981 1.39799 0.0387745
-0.00860535 1.90819 0.154706
0.12644 1.29391 -0.065581
-0.229586 1.37371 0.196175
-0.205076 0.625299 -0.169604
0.00816179 0.763804 -0.0179912
-0.224877 0.706651 -0.512537
-0.26836 1.48998 0.0885557
0.196123 0.753732 -0.486522
-0.0502644 0.948137 0.393247
0.089157 0.81179 -0.167829
-0.123851 0.600169 -0.182508
-0.209126 0.929746 0.358574
0.25051 1.97214 0.148301
0.242795 0.498435 -0.49807
0.216821 1.63536 -0.0737507
-0.253627 0.751674 -0.246304
0.264109 1.89755 0.214736
-0.141824 0.507081 -0.295358
-0.236122 0.386351 -0.348386
0.237886 0.486737 0.218206
0.0954208 0.684405 -0.569702
-0.191746 0.977612 0.0200644
-0.310839 0.755756 -0.387884
0.256699 1.81634 0.00985556
-0.221868 1.52441 0.0839205
0.126085 1.48404 0.280012
0.272044 0.714095 -0.0774192
0.152342 0.717468 0.268725
0.179149 1.6797 0.260031
-0.0297622 0.752772 0.128764
-0.192561 1.97311 0.342761
-0.373955 0.408419 -0.268058
0.255924 0.443429 0.214295
0.206941 0.556968 0.348392
0.0978685 0.710725 -0.56714
-0.214687 1.0752 0.0605508
-0.0271775 1.29009 -0.0532518
-0.149041 0.882211 0.143909
0.0472784 0.577308 0.162159
0.190089 0.753393 -0.49035
-0.245599 0.831284 0.15109
0.162172 0.595526 -0.0632416
-0.216805 0.601557 -0.55122
0.164043 0.964922 -0.081822
-0.211594 0.450296 -0.628308
-0.196171 0.663207 -0.606512
0.0104694 0.580959 0.00519282
0.0660973 0.667848 0.149885
0.0515463 0.531128 0.05128
-0.121074 0.42668 0.0342368
0.210593 1.62214 -0.0615259
-0.088407 0.266226 -0.224021
0.203976 0.717238 -0.482907
-0.316786 0.643254 0.282098
-0.11835 0.607811 -0.710534
0.0905521 0.52954 -0.100206
0.274137 0.839603 -0.217893
0.163913 0.627598 -0.572818
0.0228614 0.602376 -0.237659
-0.0286029 0.605188 -0.441549
0.167453 0.688215 -0.141495
-0.00513243 0.622189 -0.405877
0.162603 0.761634 -0.468557
0.0161742 1.28065 0.322069
0.133651 0.719884 -0.560095
-0.269298 0.493657 -0.479367
0.10515 0.723057 -0.165219
-0.0233737 0.919992 -0.021331
0.186406 0.5344 0.281094
-0.168447 0.540947 0.118786
-0.208713 0.300776 -0.248952
0.140786 0.599793 -0.576638
-0.208635 0.51714 -0.0740715
-0.201741 0.569009 -0.419891
-0.133463 0.806589 -0.567411
0.11627 1.55333 0.43722
-0.10895 0.46264 -0.0242849
-0.212767 0.350182 -0.314545
0.0717175 0.35075 0.21567
0.0550407 0.684328 -0.460484
0.14057 0.640845 0.112447
-0.161492 0.609374 0.325766
0.16279 0.606637 -0.289977
0.253264 0.449435 0.130915
0.0525896 0.634799 -0.431732
0.117494 0.530228 0.0973995
0.261683 0.981293 0.170339
0.0593872 0.598899 -0.240319
0.0870987 1.64477 0.0803172
-0.120026 1.68168 0.254726
-0.250934 0.616671 -0.598377
0.209466 0.607131 0.250823
0.0410755 0.672263 -0.199065
0.12333 0.414139 0.0936682
-0.318226 0.483515 -0.00836882
0.195391 0.568776 0.257317
-0.0561797 1.23292 0.273351
0.129476 0.909368 -0.188558
0.114631 0.717303 -0.597434
-0.00268105 0.410411 -0.0821726
0.110057 0.610961 -0.108035
-0.148881 0.518021 0.252729
0.150643 1.00268 0.291999
0.168978 0.47328 0.142185
-0.0833776 0.576674 0.285754
-0.183616 0.887597 0.422297
0.200867 0.656198 -0.0782019
-0.099481 0.883447 0.431853
0.267716 1.59367 0.170388
-0.108883 0.264656 -0.0241528
-0.212299 0.945811 0.12662
0.167728 1.97621 0.0411068
-0.0515292 0.797967 -0.4362
0.0673882 0.665737 -0.245794
-0.00834298 0.815001 -0.210329
-0.0852486 0.610426 0.321857
-0.0618025 0.872214 -0.558496
0.0408878 1.1732 -0.058174
0.23609 0.530203 0.122986
-0.368399 0.486611 -0.0119902
0.0756189 0.585431 -0.457547
-0.147189 0.738286 -0.350139
0.199198 0.547953 0.168758
0.109179 1.482 0.462324
0.0605437 0.605915 0.265715
0.122318 0.608105 -0.298037
0.162838 0.761063 -0.495617
0.0604815 1.04321 0.328299
-0.266767 0.27146 -0.244225
-0.172409 0.618168 -0.184074
-0.14178 0.624134 0.0384051
0.103649 0.54304 0.101335
0.352705 0.644609 0.129153
-0.168127 1.39795 0.277874
0.059211 0.404922 -0.0335204
-0.110526 0.554753 0.142562
-0.0253781 0.940072 -0.408647
0.3295 0.43828 -0.432964
-0.13536 0.318137 0.188652
0.0295008 0.360044 -0.0427999
-0.216824 0.265054 -0.270605
-0.0293436 0.591428 -0.288386
-0.103741 0.258815 0.0872921
-0.253498 1.13506 0.221798
-0.163802 0.297774 -0.317402
-0.259427 0.388309 -0.197362
-0.070728 0.309387 -0.0638108
0.259653 0.848888 0.276321
0.116508 0.902977 0.423181
0.150184 0.6817 -0.472107
0.174457 0.535881 -0.0926761
-0.351338 0.503491 0.00225475
0.244297 0.621662 -0.250417
-0.176943 1.21077 0.0504157
-0.254904 0.529308 0.263884
-0.0121747 1.86039 0.139779
-0.235416 1.07846 0.0833363
-0.299985 1.0465 0.238576
0.0804617 0.753781 -0.428626
0.12799 0.396394 0.214183
-0.176641 0.477377 0.317954
-0.0617134 0.505807 0.0150434
-0.197666 0.566297 -0.423352
0.0991253 0.841815 0.215263
-0.0943103 0.393581 -0.302963
0.262528 0.37592 -0.0851522
-0.342511 0.256062 0.00881287
0.0856409 0.605139 -0.446963
-0.0203734 0.430275 -0.045288
0.125282 1.38705 0.224526
0.147186 0.644789 -0.0990753
-0.20905 0.509393 -0.601748
0.15741 0.575146 -0.261826
-0.302044 0.24805 -0.135368
0.0837809 0.790745 0.207186
0.226321 0.525555 0.0442212
-0.0599441 0.453884 -0.0203836
-0.0380786 0.845783 -0.315911
-0.0889882 0.391462 0.10613
0.297155 0.708289 0.265221
0.278489 0.726792 -0.0264797
-0.155089 0.943521 0.407582
0.181314 0.633482 0.133978
-0.130497 0.522158 -0.196936
-0.30901 0.830306 0.205466
-0.0951476 0.30298 0.0642805
0.13602 0.641035 -0.130867
-0.101942 0.428869 -0.536407
-0.238681 0.345444 -0.0815814
-0.22216 0.745002 -0.575323
0.159138 0.51239 -0.622443
-0.240119 0.64545 0.148158
-0.311758 0.636549 0.242402
0.194093 0.658345 0.230024
0.0170458 1.05529 0.13506
0.292389 0.420388 -0.58274
0.00988641 0.618217 0.380669
-0.205755 0.379531 -0.559525
-0.395931 0.427248 0.0412396
-0.280991 0.466841 -0.0668854
0.323496 0.539449 0.190206
0.298838 1.66815 0.0196795
0.108125 0.771023 0.0177388
-0.324643 0.338693 -0.425467
0.0135535 0.646782 0.104808
-0.0662489 0.586453 -0.00400992
-0.305201 0.230262 -0.484898
0.169571 0.500884 -0.319537
-0.237841 0.821068 -0.335655
0.265222 0.331792 -0.679211
-0.235372 0.619577 -0.083243
-0.104236 0.626897 -0.265862
-0.162875 0.632048 -0.290019
0.160818 0.546773 -0.256997
0.302282 0.225643 -0.534666
-0.253435 0.252543 -0.307196
0.184182 0.42411 0.266365
-0.0942408 1.13998 0.290648
0.321603 0.716374 -0.319247
-0.219354 0.7197 -0.558026
-0.0682511 0.511205 -0.284727
0.0960301 0.656239 0.114218
0.0181023 0.40541 -0.118064
0.239215 0.762607 0.221077
0.342257 0.655419 0.130777
-0.299441 0.242683 -0.161691
0.133845 0.871642 0.411208
0.103438 1.5573 -0.014225
-0.111216 0.679015 -0.322246
-0.053225 0.575259 -0.228018
0.344213 1.76095 0.13061
0.294241 0.716133 0.0289216
0.332262 0.522902 0.186525
-0.147048 2.01037 0.0511004
0.301002 0.797603 -0.0605016
0.0776109 0.567808 0.155056
0.0950335 1.54665 0.615939
0.123006 0.879534 -0.392484
0.24539 1.84127 0.0947957
-0.390744 0.368392 -0.547524
0.0573379 0.609759 0.0550747
0.0583607 0.573919 -0.155834
0.0265668 0.394747 0.0521186
0.263467 0.708082 0.0044684
0.0833909 0.746541 0.109209
-0.173858 0.453821 -0.622204
0.262362 0.226117 -0.0688978
0.0751318 0.310661 0.0597911
0.146819 0.525458 -0.267586
0.0253149 0.962233 0.103526
-0.17058 0.634501 -0.0784811
-0.227922 0.23364 -0.541889
-0.203511 0.610868 0.0539823
-0.0578811 0.899652 -0.287288
0.0724235 0.551259 -0.0143055
-0.138795 0.581869 -0.292756
-0.0501533 0.605525 -0.0581082
-0.133283 0.544113 0.0871307
-0.121261 0.590208 -0.267862
0.269653 2.04271 0.0469166
0.114431 0.537995 0.287232
0.262737 0.694312 -0.0853745
0.340332 0.664022 0.0843278
0.111304 0.429335 0.168821
-0.308522 0.70961 0.252986
-0.194215 0.302872 -0.246719
0.064956 0.347762 0.15324
0.13839 0.314014 -0.572016
0.0320046 0.724758 -0.168767
0.23043 0.36019 -0.063403
0.0423028 0.512918 -0.551751
0.0859513 0.501478 -0.0793296
-0.0466164 0.443467 -0.293846
-0.302428 0.847326 0.171335
-0.111049 0.503999 -0.355941
0.10396 0.588835 -0.164744
0.07584 0.566371 -0.185026
0.0746587 0.449833 0.266397
-0.375443 0.501955 0.0437444
-0.122178 0.613491 -0.329745
-0.301201 0.908511 0.158109
0.0978231 0.484142 -0.122833
0.188285 0.553102 0.17398
0.084328 0.868868 -0.43744
0.127232 0.564502 0.329057
-0.174216 0.586433 0.153425
-0.210554 0.627381 -0.402086
0.0644662 0.248418 -0.356202
-0.303625 0.225556 -0.0108084
-0.21753 0.611764 -0.259757
-0.159005 0.528841 -0.329709
-0.0321608 0.882183 -0.178588
-0.247559 0.240656 -0.443374
0.237555 0.636905 0.0247482
0.1759 0.409175 -0.316529
0.115547 0.882795 0.274277
-0.243668 0.434081 -0.301425
0.244345 0.395528 -0.422317
0.303642 0.670482 -0.250348
-0.0244481 0.424175 0.0579518
0.100206 0.531893 -0.328924
-0.147936 0.55976 0.287492
0.158884 0.527354 0.20579
0.279043 0.420605 -0.350028
0.162766 0.237185 -0.0241571
-0.256464 0.256541 -0.270139
0.124173 0.818612 0.13057
-0.152179 0.44188 -0.60776
0.110225 0.838439 0.402338
-0.035224 0.371744 0.146748
0.294776 0.700326 -0.208793
0.0421274 1.03331 0.336744
0.0796215 0.406327 0.203193
0.243165 0.566134 -0.0327517
-0.211414 0.448174 0.337848
-0.138635 0.38045 -0.310447
0.0991405 0.498793 0.00992314
0.0500888 0.53038 -0.426622
0.20598 0.658427 0.0738334
0.0490198 0.49978 -0.454153
-0.147179 0.515078 0.292011
-0.243881 0.349855 -0.2202
-0.101572 0.502163 0.354549
-0.383651 0.380939 -0.522716
0.0106728 1.03355 0.4234
0.21565 0.422137 -0.558111
-0.309388 0.614386 -0.421688
-0.173901 0.403036 -0.0343858
-0.0961703 0.355269 -0.345724
0.0541962 0.582843 -0.453722
-0.0297953 0.595776 -0.0856558
-0.112077 0.460629 -0.122822
-0.0872058 0.838823 -0.497786
-0.329988 0.190611 0.0282464
0.0362176 0.662561 0.235114
-0.199273 0.343451 0.162997
0.0163335 0.324531 0.146165
0.133924 0.675043 0.366642
-0.0528234 0.312424 -0.363225
-0.0814183 1.37895 0.259416
0.114374 0.24253 0.0335041
-0.0532541 0.614315 -0.0868363
-0.366191 0.370296 -0.231616
-0.211181 0.295042 -0.0924552
-0.234287 1.16347 0.263983
0.0330915 0.287392 -0.250385
-0.139613 0.845869 -0.567597
-0.0684527 0.224759 0.0784104
0.195401 0.174721 0.150151
-0.341638 0.498762 0.00124086
0.0038129 0.583032 -0.424098
0.0729015 0.471572 0.150001
0.0776319 0.606262 0.0800711
0.138708 0.37987 -0.552255
-0.198329 0.660381 -0.51419
0.0971093 0.679813 0.0216463
-0.256918 0.1045 -0.0430722
0.126922 0.661721 0.409722
-0.0279772 0.286742 -0.435546
-0.012013 0.311079 0.0322595
-0.363815 0.127969 -0.000310846
-0.320996 0.627692 0.181902
-0.164604 1.24743 0.0460947
0.181765 0.372985 -0.151938
0.152348 0.643011 -0.0925616
-0.165558 0.175403 -0.013217
0.0170213 0.280831 0.123272
0.0325091 0.229469 -0.156333
-0.321535 0.23456 -0.540169
-0.0690585 1.00392 0.0163798
-0.0948895 0.904339 -0.280398
-0.269322 0.230885 -0.441784
0.115446 0.530168 -0.132851
0.0831359 0.453631 -0.588586
-0.372577 0.228067 -0.172151
-0.135578 0.774155 -0.547007
0.0751625 0.259143 -0.462441
0.118768 0.679201 0.0182484
-0.272695 0.461833 -0.17222
0.207812 0.434117 -0.585221
-0.0508714 0.83376 0.146414
0.209944 0.418078 0.0376464
0.101916 0.523319 -0.0180271
-0.244722 0.351136 -0.15844
0.00292945 0.38567 -0.54372
0.239036 0.431032 -0.219244
-0.24784 0.274313 -0.452474
0.258592 0.437372 -0.185618
0.132006 0.677122 -0.199981
-0.0294228 0.794519 0.128901
0.0586892 0.340279 -0.581215
0.274431 0.182763 0.0851921
-0.0465095 0.217459 0.0954522
-0.256332 0.874415 0.32641
0.201859 0.500454 -0.604545
0.0661076 1.49484 0.537998
0.00781152 0.224999 -0.182171
-0.314856 0.19214 0.108769
-0.179207 0.478958 -0.143654
-0.320313 0.190325 0.0274505
0.270504 1.82731 0.0927046
-0.11221 0.293525 -0.290345
0.168294 0.315673 0.0628449
0.120081 0.21343 -0.489931
0.207905 0.537636 0.329751
0.191871 0.146371 0.120897
-0.211746 0.495791 -0.0713187
-0.296723 0.530297 0.387113
0.027989 0.447635 -0.662184
-0.275644 0.427423 -0.48598
-0.208653 0.238656 0.130473
-0.22128 0.238723 -0.505934
-0.305193 0.374108 0.170773
-0.0373074 0.58725 -0.578622
-0.152069 0.904329 0.454078
-0.0889443 0.433216 -0.23321
-0.0225459 0.447385 -0.0460824
0.254969 0.729049 0.0630728
0.115244 0.549847 0.0606185
0.152409 0.313953 -0.149928
0.0091893 0.582354 -0.0807171
0.18317 0.561579 -0.614594
-0.235451 0.176705 -0.0888563
-0.352716 0.289806 0.0651476
0.207117 0.66386 0.242506
-0.274314 1.20477 0.232444
0.198292 0.493501 0.131121
-0.12042 0.332768 -0.609757
-0.118107 0.471113 -0.541244
-0.120869 0.534535 -0.189935
0.153726 0.182798 -0.115324
-0.259574 0.44437 0.174748
-0.298591 0.283113 -0.0856319
-0.120767 0.374211 -0.53599
-0.256087 0.54222 0.135744
0.107864 0.580145 -0.173435
-0.0349745 0.376164 -0.428074
-0.211081 0.374766 -0.18718
-0.265846 0.271888 -0.555168
-0.245017 0.407503 0.24543
-0.037626 0.954103 0.132175
0.272902 0.629618 0.0394565
0.210404 0.18 0.133198
0.208282 0.599998 -0.555136
-0.03722 0.350536 -0.0662082
0.140874 0.247573 -0.0605107
-0.262229 0.154074 -0.57695
-0.152846 0.232141 -0.167555
-0.114924 1.72205 -0.0509633
-0.0685935 0.497227 0.384306
0.130501 0.730175 -0.597837
0.139694 0.310855 -0.45039
-0.056477 0.528286 -0.0351561
-0.35284 0.407965 0.0529146
-0.237424 0.185336 -0.0272429
-0.231343 0.311369 0.0546213
0.180708 0.116599 0.0863266
0.00218216 0.502685 -0.0773353
-0.104533 0.439768 -0.123574
-0.0940097 0.795219 -0.0670001
0.269809 0.308591 -0.125496
-0.150045 0.593353 -0.681193
-0.204846 0.133084 -0.442143
0.0489644 0.43286 0.314739
-0.0503066 0.879485 -0.140136
-0.108745 0.493483 0.356332
0.299419 0.0907405 -0.529205
-0.313582 0.699391 -0.420775
-0.0489057 0.78819 -0.582571
0.0696293 0.438564 -0.403598
-0.00232079 1.90233 0.143499
-0.186507 1.45779 -0.0283534
0.218533 0.00695323 0.0432724
0.111435 0.321299 -0.325591
-0.125065 0.501578 -0.700607
0.339978 0.119716 0.0215026
-0.275458 1.95335 0.10801
0.0347309 0.487422 -0.476397
0.14914 0.129944 0.117754
0.211118 0.434842 0.0180362
0.384996 0.463253 0.0239231
-0.186316 0.79128 0.348401
0.045544 0.599323 -0.663412
0.289233 0.275346 -0.0543793
0.153476 1.27004 0.338689
0.174755 0.713948 -0.171561
0.0584993 0.588172 0.00289329
-0.372684 0.51148 -0.246651
-0.267261 0.266076 -0.507548
-0.135302 0.385684 -0.308607
0.175695 0.495174 0.224124
0.0254963 0.310409 0.0217797
0.13122 0.214806 -0.0265347
-0.201369 0.502066 0.203419
0.243262 0.305841 -0.100282
0.29955 0.179061 0.0221432
0.22793 0.208424 -0.119088
0.271289 0.716519 0.220134
-0.180825 0.468805 -0.237615
0.135794 0.311745 -0.0283515
0.0587153 0.644226 0.149497
0.100264 0.54497 0.0875182
-0.387882 0.282357 0.101754
-0.0745967 0.527988 -0.643334
0.295697 0.694463 -0.206334
-0.212838 0.242234 -0.510548
0.0716352 0.421625 -0.249617
0.316619 0.33392 -0.0541973
-0.212976 0.77087 0.208204
-0.123674 0.664832 -0.336216
0.149384 1.01555 0.14494
-0.26913 0.485468 0.287674
0.0499473 0.319801 0.00323212
-0.320239 0.187866 -0.574902
0.384459 0.245211 -0.515095
0.319018 0.126449 -0.042141
0.0933432 0.305629 -0.365246
0.0499589 0.308048 -0.149165
0.227205 0.988752 0.324184
-0.0703966 1.51814 0.608371
-0.227234 0.508054 0.288918
-0.236577 0.899252 0.0825155
-0.249447 0.152154 -0.528077
0.166 0.345227 0.115256
-0.177202 0.225609 0.126973
0.293509 0.0745743 0.0372667
-0.0916766 0.479516 0.285002
0.014071 0.397634 0.207086
0.289797 0.124315 -0.0709
0.0232153 0.404295 -0.561556
-0.0641309 0.499104 -0.62318
0.0918436 0.629591 -0.551417
0.135634 0.701609 -0.211201
0.182213 0.369834 -0.109975
-0.198451 1.67215 0.141286
-0.3006 0.217033 -0.305225
0.320876 0.54897 0.0632435
0.0043477 0.423265 0.101337
0.185287 0.107503 0.0752665
-0.0465597 0.254492 -0.440571
-0.210349 0.290823 0.156917
0.0457118 0.28766 0.177634
0.30137 0.0943051 -0.526453
0.105354 1.61645 0.504123
0.00648299 0.588898 -0.709885
0.34486 0.396479 0.0223937
0.0278984 0.362111 -0.444073
-0.175994 0.445483 -0.628612
0.330615 0.234403 -0.587805
0.0824714 0.571303 -0.701438
0.279679 0.000412919 -0.480308
0.224859 0.511066 0.0088794
0.234868 0.294624 -0.0808598
0.0764096 0.658642 -0.574402
0.185791 0.176814 0.0478793
-0.184193 1.22464 0.0486711
-0.162223 0.102863 -0.482559
0.244136 0.40494 -0.180382
-0.217797 0.468486 0.2462
-0.0192724 0.297246 -0.230184
0.17858 0.08232 -0.486167
0.252647 0.187772 0.0936791
0.0665525 0.35963 0.0918846
0.271558 0.0799441 -0.471087
0.0886839 0.667418 -0.247268
0.305063 0.660418 -0.0789036
-0.264296 0.216758 -0.278143
0.286422 0.248727 -0.0212177
0.0727326 0.582789 -0.238788
0.126228 0.395871 -0.0623602
0.101119 0.28591 -0.168104
-0.35218 0.384204 -0.274335
-0.175172 0.291236 -0.0719873
-0.111499 0.46068 0.133099
0.0576527 0.578281 0.39287
-0.244785 0.075241 -0.466892
-0.286341 0.222806 -0.0121844
0.170864 0.546279 -0.450523
-0.177857 0.449714 0.165861
0.152567 0.576491 -0.458491
0.100384 0.309163 -0.350026
-0.308093 0.443245 0.34987
0.0911003 0.605187 -0.182633
-0.276869 1.85448 0.426525
-0.212153 0.238699 -0.390442
-0.203718 0.167897 0.148461
-0.2081 0.0218361 0.0137638
-0.130448 0.207123 -0.536106
-0.0333827 0.371871 0.233809
0.156244 0.760466 -0.273669
-0.218517 0.124322 -0.427431
-0.0358334 0.433446 -0.688285
0.313763 0.353487 -0.49597
0.334085 0.359641 0.119333
0.34268 0.658392 0.00357648
-0.268159 0.0824659 -0.000709213
0.278643 0.337739 0.120376
0.292004 0.248389 0.0350659
0.30678 0.203462 0.0729483
0.272164 0.017163 0.0546998
0.0594215 0.659992 -0.270653
-0.0180914 0.606204 -0.108764
-0.105898 1.69204 0.137602
-0.155938 0.452883 0.158615
-0.230639 1.17627 0.0391882
-0.156824 0.242312 -0.636925
-0.102563 0.957825 0.190305
-0.244204 0.117938 0.0423206
-0.331762 0.218927 -0.556118
0.226977 0.992259 0.312925
0.193974 0.0463257 0.000660285
-0.0972218 0.460387 0.22227
0.333597 0.273319 0.0895952
-0.0661355 0.796915 -0.569905
-0.276357 0.0317912 0.077198
0.0644392 0.373198 -0.332479
-0.312266 0.828122 0.151267
0.172299 0.545585 -0.441228
-0.22604 0.300068 0.0514683
-0.219961 0.302749 -0.602228
0.0716459 2.03001 0.393183
-0.16141 0.128904 0.0734423
-0.166376 0.124278 0.0706006
-0.272393 0.146378 -0.423786
0.351165 0.268689 -0.0109661
-0.306983 0.893469 0.230774
0.185151 0.507476 -0.489169
-0.254447 0.237476 0.155849
0.334588 0.3235 0.028462
0.308527 0.538831 -0.0114965
0.171402 0.372487 -0.463483
0.304516 0.667892 -0.532303
-0.305191 0.118807 -0.380948
0.248933 0.27239 0.0938662
0.318479 0.706001 -0.167488
-0.0287014 0.402526 -0.296931
-0.0587241 0.457267 0.296759
0.268562 0.380117 -0.183373
0.142303 0.392164 -0.470388
0.200704 0.70834 0.247696
0.13363 1.15456 0.355107
0.290133 0.414158 -0.0844278
0.316639 0.368411 0.106264
-0.269627 0.369563 0.240523
0.163943 0.738691 -0.396212
0.0494367 0.646847 -0.253004
0.238037 0.65239 -0.0820342
0.348426 0.462231 -0.102283
0.322835 0.318153 0.0656762
0.0791898 0.69459 -0.34087
0.0766844 0.434779 -0.408041
0.139286 0.639001 0.0515864
0.0538042 0.395452 -0.259344
0.274236 0.00185557 -0.481739
