0.446185 0.209948 -0.177215
-0.0648968 0.0804615 -0.0711499
0.403949 0.0625174 0.230671
0.302877 -0.459518 0.363678
0.193587 -0.376514 -0.267996
-0.467423 -0.490382 -0.21807
0.281471 0.130247 0.312882
-0.320369 -0.496342 0.0166594
-0.0849017 0.222578 0.184731
0.42179 -0.471305 0.0424689
0.389386 0.133314 -0.470398
0.227345 0.347225 -0.115255
0.110113 -0.318869 -0.137673
-0.458697 -0.279629 -0.217804
0.00601113 0.465828 -0.170318
-0.436799 0.139 -0.244074
-0.23071 -0.146324 -0.27318
0.106092 0.32894 0.373102
-0.462959 -0.343321 0.439487
-0.0422044 -0.341509 0.142664
-0.107943 0.269069 0.144373
0.462376 -0.0892503 -0.211103
0.0615745 0.323972 -0.136533
-0.0191873 -0.10937 -0.240007
-0.282126 0.448074 0.436451
-0.0985035 -0.287177 -0.415493
-0.103587 0.428023 0.48933
0.273916 0.288369 -0.429458
0.109391 -0.449783 0.113045
-0.0532724 0.484913 -0.382476
-0.0790545 0.440809 -0.0270557
0.480376 -0.196647 -0.340832
0.244801 -0.126375 0.340123
0.222937 0.371772 -0.396146
0.444845 0.300853 -0.415131
0.481339 -0.351388 0.412853
0.451305 -0.364205 0.138541
-0.0543081 0.307389 0.106093
-0.0144398 -0.435342 0.192004
-0.0609436 0.024076 -0.226723
-0.212154 0.480309 0.0824851
-0.0719109 0.357029 -0.4044
-0.0891825 0.127256 -0.329245
-0.249723 0.376395 -0.464862
-0.191875 0.384288 -0.348977
-0.401828 -0.23898 0.410632
0.06902 0.416162 -0.0574937
0.347777 0.105884 -0.475653
-0.226822 0.169759 -0.0329727
0.0747213 -0.377755 -0.266636
0.010762 0.0827414 0.345183
0.274375 -0.280761 -0.106067
0.0369215 0.293437 -0.134849
-0.0828506 -0.323313 0.439511
-0.170798 0.0442458 0.435839
0.0124617 -0.111043 -0.157668
-0.31701 0.494444 0.18631
-0.109908 0.423619 -0.275399
-0.0624334 -0.479948 0.206891
0.416206 0.370738 -0.0851756
0.32148 -0.135789 -0.380435
-0.138723 0.152377 -0.307091
0.494534 0.232005 0.143601
0.364452 0.165122 0.235002
-0.103534 0.065478 -0.196015
-0.0814239 -0.313353 0.222277
0.0375978 -0.160451 0.464577
-0.424565 -0.223732 0.0707624
0.388345 -0.323323 -0.408046
0.401061 0.433815 0.349575
-0.0161737 0.381169 0.114285
-0.295882 -0.0471348 0.30323
0.374856 0.249017 -0.491689
-0.377254 0.065123 0.492209
0.0593662 -0.260076 -0.0915343
0.275193 0.175368 -0.159351
0.309238 0.0294436 -0.467034
-0.00408614 0.170681 -0.466946
0.0374471 -0.207963 -0.181146
-0.411931 -0.278238 -0.00919473
0.141226 -0.0860006 -0.308679
0.45907 -0.0611372 -0.229016
0.384331 0.402273 -0.38454
-0.329444 -0.4287 -0.417602
-0.367583 -0.467134 -0.0265962
-0.375196 0.0711541 0.327087
0.391658 0.178155 -0.450509
0.126872 -0.335611 -0.265374
-0.413768 0.395063 -0.377566
-0.247988 -0.12474 0.116593
0.410175 0.398794 0.225302
0.218173 -0.41502 -0.448832
0.398986 -0.348759 0.497109
0.0333374 -0.0858243 0.0681
-0.439501 0.135683 0.171023
-0.380629 -0.19567 0.22483
0.369855 0.0148321 0.422327
0.0563883 0.213819 0.275661
0.0355113 -0.118325 0.347099
-0.399057 0.482114 0.194555
-0.329382 0.0810847 -0.124611
0.284498 0.0149626 0.449327
0.483539 -0.32113 0.486789
0.0703372 -0.0883732 0.438329
0.188933 0.458959 0.187245
-0.356655 0.114639 -0.40048
0.260779 0.0681001 0.31627
0.30518 0.491835 0.479087
0.142955 0.0758746 0.207295
0.327521 -0.392073 0.439846
0.345881 0.430909 0.153302
0.264348 0.126174 -0.482647
-0.283275 0.330587 -0.438478
0.365106 0.33761 0.0255644
0.229721 0.120931 -0.487534
-0.463754 -0.462092 0.369402
-0.200289 -0.487831 -0.070182
-0.0169514 -0.104777 0.416222
-0.348737 0.0721271 -0.0454617
-0.49453 0.361701 -0.471155
-0.457908 0.121156 -0.122909
-0.344265 0.00633705 -0.307604
0.321414 -0.269548 -0.411232
-0.281134 0.312046 0.268237
-0.361078 -0.149817 -0.350619
0.290056 0.397603 -0.374824
-0.127203 0.00422144 0.159952
-0.450116 -0.414069 -0.0518556
-0.0057795 -0.397343 0.0423136
-0.047286 0.184212 -0.215187
-0.479518 -0.215329 0.37022
-0.00105095 -0.195857 0.223998
-0.360009 0.389335 -0.45754
0.27687 -0.213201 0.332691
0.32428 0.354179 -0.290795
-0.40973 -0.361291 0.481662
0.0651718 -0.0895885 -0.189688
0.4319 -0.487909 0.251145
0.434044 -0.434878 -0.285493
-0.135255 -0.100835 0.421309
-0.131667 0.226675 -0.350527
0.0915017 0.218636 0.497956
0.410433 0.212829 -0.419314
-0.151837 -0.151672 0.113506
0.250364 0.0537847 -0.125869
-0.205707 0.475444 0.452435
-0.421475 -0.452468 0.137436
-0.418918 -0.400068 0.310054
0.298951 -0.234733 -0.0561938
0.0563916 -0.461941 -0.0711086
-0.428716 0.0777308 -0.486183
-0.100838 -0.492816 -0.306115
0.143271 0.0346916 -0.276393
-0.0981747 -0.387852 0.181355
0.257001 -0.117474 0.432609
0.155926 -0.171913 0.182941
-0.00804603 0.290387 0.158346
-0.419868 0.182925 0.240029
-0.392488 -0.310984 0.00523317
-0.444711 -0.307172 -0.326433
-0.484097 0.183646 0.398271
-0.33067 -0.224918 -0.126719
0.264445 0.450345 -0.241981
0.332362 0.0264581 0.214962
0.300356 -0.48112 0.385488
0.0759027 -0.0417008 -0.476143
-0.370372 -0.481215 0.431101
-0.203907 0.0734588 -0.261004
-0.470785 -0.095419 0.440699
0.058952 0.482105 -0.300057
0.285546 -0.357066 0.138149
0.146991 -0.404895 0.372738
-0.465801 -0.169227 0.465871
0.157274 -0.0163555 0.490157
-0.135059 0.0876616 0.0248531
-0.369604 0.0844553 -0.112568
0.20772 0.298242 0.212391
-0.430445 0.0405542 -0.33412
0.270878 0.465137 -0.151514
0.26254 -0.215188 0.214342
0.0592976 -0.195193 0.460946
0.0995406 -0.163378 0.183188
0.294584 -0.20639 0.141563
0.0656829 0.394316 -0.182856
-0.366205 0.176456 0.223111
0.373454 -0.220655 -0.377774
0.456004 -0.393786 0.0312964
0.306852 -0.0736201 0.495876
-0.398984 -0.451409 -0.264786
-0.135708 0.430035 0.481185
-0.37247 -0.464957 -0.208404
-0.29404 -0.352121 0.242756
-0.3237 -0.0774591 0.193816
0.35546 -0.069115 0.443396
0.408005 8.9407e-5 0.168433
0.427597 0.325925 0.465747
-0.135978 -0.0414336 0.20044
-0.203058 -0.189498 -0.117917
0.459836 -0.144246 0.0610399
-0.287117 -0.184504 -0.473078
0.12451 -0.00587165 -0.156758
-0.375313 -0.390064 -0.221525
-0.1732 -0.248155 0.0218382
0.461595 -0.142061 0.336393
0.17842 0.35061 -0.0232706
-0.285315 0.189378 0.173879
0.0191047 0.412242 0.168266
-0.181201 0.104252 -0.28885
0.380438 -0.248798 -0.265321
0.0841508 -0.349681 -0.302623
-0.358446 -0.199359 -0.268931
0.285447 0.396522 0.0640215
0.00626588 0.183414 -0.351685
-0.339662 -0.373526 0.493964
0.0946512 0.406499 0.0766255
-0.405874 -0.164524 -0.189782
0.471759 0.121259 0.273759
0.00570905 -0.262652 -0.0484507
-0.266914 -0.101826 0.389169
-0.271121 0.11035 0.0995973
-0.448134 -0.145701 0.0878924
0.07295 0.0589601 0.0559555
0.0595236 -0.249478 0.0207881
0.24885 -0.016923 0.166167
0.447186 -0.404205 -0.255804
0.301166 0.06499 0.299136
0.117086 -0.112558 -0.0683322
-0.0463403 -0.0538696 -0.101987
-0.0895283 -0.24073 0.436261
-0.183178 0.209687 0.221356
-0.14733 0.269086 -0.0105126
0.383716 0.464261 0.294038
-0.356329 -0.09566 0.212937
-0.204395 0.118827 0.220256
0.0128738 0.480232 0.4417
0.429934 -0.145993 -0.116791
0.259075 -0.3397 0.466083
0.306561 -0.314368 -0.224984
-0.214226 -0.0942419 -0.293006
0.384025 0.125525 0.359451
-0.475798 0.107972 -0.356623
0.259712 -0.287063 0.349995
0.373149 0.371021 0.270527
-0.480694 -0.161909 -0.482577
0.351723 0.435929 0.372321
0.276744 -0.456947 -0.485895
0.178619 0.396377 0.240176
0.330884 0.233481 -0.243506
0.162028 -0.199462 -0.236809
0.131674 -0.473769 0.108991
0.17152 -0.0536335 -0.266735
0.465363 0.289496 0.352947
-0.0474477 0.181324 0.240882
-0.422346 -0.0787933 -0.0970485
0.283484 0.101243 0.180824
0.0283408 -0.00777555 -0.355918
0.378596 0.328058 0.347772
0.171747 -0.373671 0.250198
-0.331727 0.021825 -0.129734
0.365889 -0.161927 -0.122144
-0.299023 -0.195944 -0.194602
0.286399 -0.17216 0.116697
0.272584 -0.101637 -0.383907
-0.169083 0.158666 -0.353601
-0.449496 0.249458 -0.17562
0.00740778 0.192018 0.260896
-0.428146 -0.21675 0.376973
0.0248182 0.181814 -0.489007
0.113642 -0.403414 -0.497348
0.351297 0.340445 0.220755
0.485694 0.0172684 -0.266348
0.0668312 -0.349819 0.107178
0.452343 0.345951 0.15038
-0.433509 -0.471895 0.0887532
0.391475 0.0262901 0.180272
-0.408619 0.498234 -0.230985
-0.339164 0.0161841 0.434883
0.411589 -0.14017 -0.249999
0.492831 0.343431 0.313284
0.470025 -0.367955 0.289913
0.356442 -0.00645959 0.260794
-0.425081 0.0975568 0.495161
-0.200101 -0.493624 -0.0389298
0.350138 0.221814 0.0523454
0.0751295 -0.00123441 0.139374
-0.473476 -0.30525 0.345868
-0.0232949 0.26927 -0.104919
-0.141976 -0.273133 -0.0277151
0.197498 0.409162 0.067327
-0.00570226 0.103669 -0.0464667
-0.395295 0.484286 0.453474
-0.153329 -0.312625 -0.22479
0.465578 -0.406014 0.172297
0.441922 0.115902 -0.210013
-0.00338984 0.436587 0.108078
-0.121034 -0.388607 0.474813
-0.440746 -0.473324 0.341461
0.482881 0.0146918 -0.29653
-0.456794 0.349828 0.148935
0.153712 0.451894 -0.128139
-0.195611 -0.381712 0.228143
0.328245 0.385813 -0.0517702
0.0228834 0.418028 -0.471122
-0.0982736 -0.186702 0.0843664
-0.27929 0.15382 0.25831
0.441925 0.0634543 0.154293
0.407923 -0.248213 0.0442953
-0.444901 0.0472839 0.263118
-0.398488 0.0333413 0.420909
-0.0703933 -0.449044 -0.274698
-0.448999 0.391909 0.301129
0.431162 0.280266 0.262119
-0.311725 -0.0360514 0.0516828
0.119466 -0.362515 -0.0757519
0.179257 -0.38001 -0.442614
0.260417 -0.472772 0.260616
0.0752097 0.0199049 -0.0858506
-0.47277 0.110497 0.318767
0.396235 -0.304404 0.0379632
-0.181086 0.0690005 -0.174699
0.296279 -0.35082 -0.146916
-0.16941 -0.0241342 -0.396913
0.123637 0.497402 -0.330189
-0.370772 0.496266 -0.259676
-0.446522 -0.283683 -0.321352
0.108558 0.0980923 0.126708
-0.365819 -0.166171 0.445342
-0.396747 -0.350426 0.360185
-0.234128 0.0740662 0.178232
-0.101828 0.179258 0.469511
0.332639 0.432937 -0.163037
-0.148882 0.161773 0.256324
-0.159 -0.463384 -0.335162
-0.260817 0.046331 0.452588
-0.495881 0.103533 -0.124301
0.0672847 0.165203 0.157258
-0.0911885 0.405717 0.00883412
-0.211569 -0.186744 -0.398428
-0.421455 0.445518 -0.461706
-0.27864 0.268108 0.349922
0.200284 0.458216 0.0122586
0.347896 0.00800312 -0.443173
0.183253 0.203854 0.111392
0.440407 -0.390318 0.291212
0.317045 0.21005 -0.299574
-0.0203413 0.223097 0.0445606
0.103796 -0.298432 0.0530293
-0.230942 0.149641 0.295866
-0.343702 0.36468 0.139565
0.434526 -0.404871 0.345774
0.393752 0.176185 -0.13008
-0.370296 -0.0549964 -0.0907341
0.311285 0.490942 0.0275375
0.24972 0.0212357 -0.167458
0.327629 0.400538 -0.167222
0.184684 -0.42874 -0.393418
0.0991901 0.170729 -0.249068
0.0166764 0.138774 -0.311677
-0.373041 -0.343408 -0.235869
-0.205007 0.408656 -0.0310557
-0.454152 0.149874 -0.309015
0.396779 -0.0118752 -0.247243
-0.390179 -0.288355 -0.209014
0.433613 0.0260739 0.235062
0.0954471 -0.269975 0.378456
0.128522 -0.0807146 -0.303733
0.295942 0.405059 -0.00292337
-0.0626802 -0.00332975 -0.339215
0.380145 -0.00183249 0.0272939
-0.287047 -0.114667 0.398106
-0.411313 0.278814 0.216485
0.498374 -0.369775 -0.142503
-0.277729 0.156537 0.314872
-0.284116 0.204852 0.0496275
0.297425 -0.483637 0.344344
0.325643 -0.281927 -0.127342
0.373578 -0.325971 0.234064
-0.36977 0.0831151 -0.363846
-0.237427 0.282628 -0.30756
0.040615 -0.34691 0.30082
0.441929 -0.115072 -0.387859
0.213822 0.0751623 -0.397793
-0.343303 -0.402083 0.452264
0.234153 0.402736 -0.209542
-0.1752 -0.000920653 0.0716393
0.0818424 0.454042 -0.250349
-0.0665569 0.132133 0.34866
-0.207513 0.0815594 -0.246486
0.220146 -0.247651 0.041802
-0.270677 0.349942 0.468596
0.0732055 0.00140429 0.146162
-0.321389 0.177252 -0.332668
0.354681 -0.409121 0.462824
-0.323939 -0.0817189 -0.0202545
-0.107413 0.375507 -0.167181
0.319079 0.445635 0.283741
-0.377487 0.42439 0.108079
-0.18377 -0.476632 -0.340559
0.0185817 -0.367067 0.0824398
-0.04107 0.476426 -0.446277
0.348529 -0.44091 -0.150841
-0.320058 0.0940681 0.050665
0.192082 -0.0221785 -0.175532
0.00701785 -0.191235 -0.0269771
0.471344 0.002226 -0.477709
-0.0411803 -0.0847884 0.198004
0.255721 -0.288854 -0.46994
-0.00518847 0.104513 -0.0464351
0.333703 -0.274326 0.318162
-0.0827887 -0.495867 0.192935
0.305638 0.472783 -0.186982
0.0605416 -0.232769 -0.150694
-0.0123394 0.112194 0.267841
0.394992 -0.480529 -0.300956
0.32868 0.27508 -0.388549
0.259914 0.0548259 0.0628593
0.179439 0.0425804 0.146533
0.389233 -0.153434 0.197531
-0.3041 -0.0452689 -0.399189
-0.285372 0.411855 -0.174177
0.00380528 0.375936 -0.0769128
0.433333 0.335528 -0.141602
0.336645 0.28778 0.121033
0.144825 0.278435 0.427951
0.391101 0.359212 0.183753
0.35187 -0.409875 0.38148
-0.410052 -0.493332 0.330014
-0.380955 0.0537311 -0.0967532
-0.161888 0.23989 -0.148474
-0.352419 0.292407 0.206991
0.0789087 0.0692296 0.44236
0.244452 -0.139902 -0.0203564
0.270249 -0.0457448 -0.235164
-0.308944 0.0593339 0.397652
-0.37613 0.0170902 -0.465218
0.281817 0.07886 -0.358736
-0.188978 0.395253 0.423558
-0.348357 0.133384 -0.401001
0.0789351 0.304005 0.265268
0.297036 0.279702 -0.18918
-0.452251 -0.325696 -0.244619
-0.440719 0.435612 0.124167
0.274213 0.118895 0.013724
0.415695 -0.453962 0.407894
-0.165834 0.400944 0.449342
-0.3038 -0.411952 -0.0870144
0.194049 -0.107852 -0.197046
-0.233347 0.387874 -0.334252
0.277081 -0.143568 -0.132471
0.0460696 -0.347662 -0.00606799
-0.0848594 0.215091 -0.376439
0.270489 -0.159068 0.311267
-0.449614 -0.0648967 0.435077
-0.229298 0.326975 0.285691
0.443297 0.463639 0.234398
0.101025 0.341296 0.047434
0.159371 0.459804 -0.453728
0.0411558 0.23251 -0.15148
0.0893496 0.273056 0.333244
-0.33854 0.433762 -0.165438
0.419399 -0.121798 0.252852
0.341722 -0.308642 0.179808
-0.0863037 0.497751 -0.107891
0.435202 0.427339 -0.242051
0.00149775 -0.0861768 0.229782
0.133323 0.0179256 -0.191219
0.242547 0.420591 0.182195
-0.162521 0.298444 -0.447873
-0.498625 -0.325998 -0.426907
0.414857 0.214952 0.127258
-0.108295 0.38142 0.221518
0.0427773 0.0938196 -0.00354946
0.183118 -0.0495244 0.278124
-0.326856 0.150159 -0.168909
-0.0957998 0.455247 -0.337537
0.199488 0.227072 -0.254662
-0.241957 0.0808127 0.0802209
-0.049144 0.0743425 0.0530702
-0.144133 0.300818 -0.416263
0.134972 0.436609 0.331508
-0.257954 0.380282 0.0611922
-0.160081 -0.279549 0.452801
0.0706872 0.34217 0.199474
-0.0978251 -0.0810226 0.365895
0.113969 -0.0573592 -0.483711
-0.486198 0.498455 0.0320356
-0.141781 -0.165214 -0.353856
0.327885 -0.0616804 -0.0519518
0.308281 -0.25729 0.182797
0.131893 -0.477045 -0.144323
0.0353386 -0.0853927 -0.443039
-0.209551 -0.31847 0.0598185
-0.295556 -0.124006 -0.49697
-0.463348 0.364458 -0.443439
0.27143 -0.184074 -0.238585
-0.461404 0.397456 0.186419
-0.39183 0.246725 0.0696694
0.462338 0.0870447 0.157296
-0.438799 -0.44333 -0.0635794
-0.494016 -0.310926 0.267724
0.155897 0.468033 -0.406748
-0.356937 -0.441642 -0.062914
-0.230564 0.341007 -0.255474
-0.0823187 -0.212077 -0.0755022
0.15804 -0.406678 -0.152323
-0.241003 -0.159825 -0.0861628
0.498936 0.470139 0.100641
-0.28328 -0.496149 -0.131786
0.191346 -0.424481 0.455891
-0.381959 -0.0716081 -0.434742
0.181243 0.470996 -0.40277
0.149389 -0.254789 0.418158
-0.214491 -0.307808 0.388322
0.198262 -0.202837 0.443052
0.338919 -0.428041 -0.194887
0.414696 -0.393843 0.0756011
-0.252926 0.320632 -0.0428562
0.233114 -0.130964 -0.273659
0.161042 -0.289064 -0.0519902
0.464647 0.081192 -0.353153
-0.199952 0.239115 -0.476751
-0.0611174 -0.0539902 0.310238
-0.299556 -0.204267 0.499038
0.336106 -0.0353234 0.335776
-0.0305679 -0.073823 -0.28814
0.115383 0.087737 0.468262
-0.275105 0.346281 0.164037
0.231544 -0.0783342 0.0666896
0.0571692 -0.313641 -0.467273
0.259953 0.457759 0.474947
0.424285 0.205896 -0.170054
-0.396507 0.164863 0.265025
-0.397673 -0.329418 0.346099
0.319053 0.0501318 -0.0746038
-0.190451 0.182969 -0.12422
0.239422 0.157 0.0275875
0.273564 -0.353746 0.490736
0.229216 -0.00372922 0.328267
-0.0479167 0.0488367 -0.133838
0.158097 -0.184265 0.031407
-0.239336 -0.0385619 -0.368318
-0.0522269 0.454223 0.303842
0.264464 0.341981 0.45234
-0.259473 0.0122046 -0.464809
0.172275 0.24717 0.197438
-0.151266 -0.463726 -0.396533
0.0932863 -0.38722 0.289505
-0.419976 0.418214 0.303222
-0.347309 -0.422541 -0.0279056
0.307705 0.152404 -0.170174
-0.342283 0.203899 0.126867
0.463669 0.445138 -0.307637
0.309746 0.437263 -0.276807
0.0443163 0.353812 0.203697
-0.384712 0.313849 -0.416576
-0.183665 0.469108 -0.437115
0.112062 0.423739 0.498256
-0.202453 -0.272933 0.267119
-0.457267 -0.0206479 -0.271311
0.248222 0.341169 -0.0289085
0.478772 -0.279624 0.321562
-0.182234 -0.288694 -0.0577954
-0.180548 -0.230535 0.41669
0.00897336 -0.295786 0.0776361
0.168303 0.300163 -0.490708
0.482431 -0.00578296 -0.221442
0.403468 0.0646311 -0.362717
-0.184575 0.386209 -0.261149
0.306214 -0.0155482 0.250706
-0.0164744 0.402207 -0.332136
-0.322265 0.458544 0.221325
-0.309153 0.350402 -0.0450008
0.379205 -0.22986 -0.499108
-0.223423 -0.0609798 0.21675
0.282401 -0.460286 0.141045
0.338092 -0.0154449 -0.0861706
0.260322 -0.20014 0.404691
-0.304901 -0.093859 0.13037
-0.307806 -0.421639 -0.459947
-0.235678 0.294239 0.425693
0.337384 -0.0255301 0.280629
-0.204093 0.0509603 -0.408416
-0.26339 -0.192571 -0.0636685
-0.183724 0.353575 -0.281759
-0.392367 -0.370468 0.381809
-0.442996 -0.337249 0.173405
-0.42133 0.226818 0.391786
-0.389536 0.467763 0.274485
-0.365188 0.315524 -0.352723
0.252986 -0.211989 -0.0174446
0.351468 0.0643317 0.35522
0.363059 -0.39145 -0.121228
-0.150841 0.239793 0.100252
-0.217879 -0.0513623 0.414731
0.382861 0.249649 -0.0636437
-0.185376 0.006042 0.345394
0.298273 -0.24907 0.320592
-0.481211 -0.0627315 -0.322393
-0.235826 0.0612136 -0.267547
0.00405502 -0.456477 -0.279977
-0.126806 0.30319 -0.0276887
0.382225 0.377755 -0.226142
-0.0348268 -0.378776 0.180984
0.106882 0.166418 -0.118857
0.127937 -0.365512 0.136136
-0.221623 -0.468194 -0.283397
0.484979 0.206699 -0.279746
0.444866 0.0301523 -0.450025
-0.0749571 -0.12788 0.173144
-0.420499 0.398614 -0.304773
-0.0948058 0.466305 0.0474904
-0.0588672 -0.290517 -0.12725
0.132211 0.314995 -0.361798
-0.321931 0.0725425 0.170084
0.264467 -0.142938 -0.258817
-0.266744 -0.0954516 0.316059
0.0283408 0.243712 0.0739635
0.432588 0.237109 -0.449061
-0.115416 0.213988 0.108803
-0.167173 -0.492641 0.033628
-0.0537835 -0.240746 0.0528637
0.156235 0.297596 0.22447
-0.035005 -0.489083 -0.0341564
-0.233811 0.149734 0.19309
0.156056 0.165049 -0.309026
0.382651 -0.310482 0.362051
0.488378 -0.0586988 -0.0450515
-0.213827 -0.249423 -0.263767
0.237446 0.283479 0.283333
0.25332 0.206216 0.377661
-0.0363463 0.415555 0.159836
0.499543 0.338271 -0.23086
0.249008 0.0463313 -0.235991
-0.0737814 0.0936319 0.253659
-0.207068 0.0257956 -0.37664
-0.212834 0.443377 0.246348
0.433222 0.37531 -0.157036
-0.113512 0.200622 0.254118
-0.408367 0.249365 0.413423
-0.122794 -0.386267 -0.276759
-0.213591 0.207065 -0.368577
-0.396413 0.0154703 0.131068
0.320331 -0.495727 -0.257283
0.17923 -0.259693 -0.0878143
0.102867 0.196564 -0.436194
0.121901 0.381388 -0.0326737
0.0127816 0.211459 0.328041
0.437434 -0.184263 0.407717
-0.414784 -0.114453 -0.000986218
-0.07042 0.133198 -0.247819
0.318434 0.395551 -0.290018
-0.2097 -0.342097 0.220936
-0.346377 0.344527 0.467255
0.425589 0.436678 0.0931804
-0.0625672 -0.23834 0.154877
-0.0528343 0.131142 0.0926932
-0.11694 -0.00519276 -0.133542
0.184288 0.412978 -0.0854459
-0.0381606 0.449632 0.248475
-0.0595138 -0.102071 0.292233
0.0168278 -0.219307 -0.145812
-0.243879 0.413711 -0.267841
-0.159501 0.424211 0.243308
-0.0723464 -0.291642 -0.0636581
0.294259 0.456424 0.465416
0.395181 -0.472057 -0.225203
-0.398471 0.386794 -0.140593
0.157289 0.248696 -0.208125
0.166563 0.0500218 0.0512108
-0.14662 -0.197373 0.0585192
-0.0973693 0.16551 -0.221659
-0.203523 -0.286125 0.331786
-0.41563 0.499869 0.0155787
-0.4735 -0.0121413 0.252587
-0.128629 -0.178496 -0.138087
-0.303258 0.267336 -0.0761771
-0.196928 -0.47376 0.129736
0.4934 -0.386191 -0.238496
-0.0473934 0.341115 -0.496444
0.387445 -0.494191 0.129929
0.286369 0.351192 0.219207
-0.224941 -0.306631 -0.385447
-0.49262 -0.370803 -0.0812851
0.0340611 0.267098 0.110939
-0.293551 0.487624 -0.153961
-0.397064 0.15795 0.428666
-0.118825 0.282267 -0.00309741
0.424765 -0.285268 -0.261663
-0.143622 0.0372168 -0.42758
-0.410903 0.490459 0.222923
0.106229 0.0589813 0.123265
-0.180501 -0.093006 -0.368246
-0.0781856 -0.0908029 0.290545
-0.29955 -0.103459 -0.36619
-0.030946 0.40903 0.0837374
0.3952 -0.178549 -0.375528
0.442311 -0.0396819 0.41219
0.0976872 -0.346967 0.142561
0.37053 0.296533 0.359232
0.413512 0.466277 -0.114039
-0.444616 0.464183 0.013131
0.466151 0.207473 -0.468808
0.128994 0.356583 -0.153919
0.364523 0.082016 0.377217
-0.319898 -0.210362 -0.0959446
0.132061 0.37959 -0.144502
-0.404433 0.200407 0.264964
0.147641 -0.34687 0.156982
-0.134128 0.220471 0.457032
0.15506 -0.00761592 0.364128
0.256567 -0.0299516 -0.438181
0.470268 0.413256 0.279347
-0.493453 -0.491698 -0.160454
-0.4253 0.177348 0.378919
0.21217 0.321469 0.296363
-0.111714 -0.496666 0.201344
-0.0870187 0.434675 -0.352223
0.0772561 -0.047899 0.253908
0.0977464 -0.0792098 0.03494
-0.359443 0.137014 0.350689
-0.0617366 -0.198401 -0.440454
-0.311948 0.0486499 -0.290941
0.286278 -0.494928 -0.25335
0.42516 0.451957 0.456607
0.0611665 -0.42083 -0.254184
0.261878 0.14532 -0.362295
-0.482187 0.0195324 -0.193949
0.367573 0.242945 -0.00454104
-0.313935 -0.238796 0.289706
0.161156 -0.129794 -0.103251
-0.0977516 0.466728 0.360225
-0.461786 -0.329971 0.493107
-0.381503 0.347373 -0.49255
-0.40195 0.484933 -0.0891854
0.122889 0.256522 0.158976
-0.0742714 0.205411 -0.347465
0.204962 0.368213 0.316537
-0.495861 -0.0670192 0.205901
0.175629 -0.265989 0.396248
-0.476826 0.347555 0.235982
-0.435992 0.456727 -0.173334
0.447152 -0.348899 -0.436557
0.398017 0.191476 -0.0635034
0.485485 -0.190217 0.210301
0.182918 0.00833833 -0.162669
-0.259577 -0.18625 -0.100177
-0.0273397 0.43507 0.326492
0.0505989 -0.137043 -0.0826728
0.0665467 -0.289927 -0.435345
-0.119462 -0.0400047 -0.0518222
-0.400379 -0.233082 0.0785338
0.429691 0.131157 0.471535
0.00641513 -0.108993 -0.308823
-0.0779471 0.387191 -0.155562
-0.47814 0.180657 0.232912
0.0332388 0.243285 -0.236152
-0.248176 0.0198809 -0.125009
-0.0105164 -0.320211 -0.272631
0.359652 0.336788 0.177892
-0.3744 -0.306185 0.29456
0.306516 0.28871 -0.18941
0.185915 -0.218082 -0.190535
0.217909 0.0489492 -0.447595
0.169619 -0.335251 0.179339
-0.0265304 -0.20026 -0.485189
0.427277 0.0782999 0.129892
-0.416608 0.137289 -0.202736
-0.383055 -0.101366 -0.418264
0.0508798 0.0988029 -0.212809
0.117347 0.063642 0.131311
-0.0682479 -0.180143 0.281487
-0.0737896 -0.437409 0.396188
0.478592 0.202009 0.0339613
0.0549439 -0.443547 -0.0438151
-0.253811 -0.477434 0.240776
0.290777 -0.249634 0.496468
0.161318 0.48477 -0.218807
0.253423 -0.205587 -0.120104
0.481124 0.465185 -0.438629
-0.319658 0.207602 -0.210199
0.441144 -0.396771 0.399531
0.0230702 0.172855 -0.309639
-0.332448 0.284296 0.335046
-0.438381 -0.452737 -0.195992
0.446701 -0.254338 0.361163
-0.18438 -0.461367 -0.0910717
0.019733 -0.364032 0.485992
-0.00661922 -0.470425 -0.274014
-0.215942 0.139085 0.277797
0.416058 0.379793 0.369693
-0.0348395 -0.0200346 0.175868
0.483871 -0.0843946 -0.108086
-0.0189391 -0.384025 0.419675
-0.0792996 -0.26813 0.342854
0.261471 0.260306 -0.235331
0.0818013 0.0860323 -0.0269802
-0.356501 -0.249288 -0.334765
-0.27765 0.377314 0.46523
-0.266185 0.434809 0.291106
-0.38211 -0.386019 -0.408915
-0.0394897 0.305014 0.0602548
0.417278 -0.12182 0.355456
0.314185 0.0287219 -0.0353264
0.320361 -0.430441 0.278163
-0.353389 -0.297976 -0.288188
-0.0784223 0.193272 -0.169405
0.128857 0.407948 -0.296748
0.178799 -0.169561 -0.012015
-0.381011 -0.387259 0.464654
-0.475869 -0.348002 0.0741771
-0.270995 0.431441 0.0643646
0.365545 0.374885 0.181194
-0.0127637 0.333277 -0.372123
0.103393 -0.482088 -0.272014
-0.252977 -0.062919 -0.153125
0.226682 0.454745 -0.0447446
0.0739485 0.426523 0.462839
0.346068 -0.182619 -0.00509942
-0.261114 -0.117702 0.363791
-0.12581 0.31898 -0.463637
0.436114 -0.157745 0.0752275
0.423911 -0.0468763 0.230003
0.178616 -0.0747224 -0.390371
0.183732 0.21893 0.406629
-0.287493 -0.121547 0.433511
0.494999 0.401895 0.208586
-0.214569 -0.306867 0.0670781
0.195403 0.11433 0.390585
-0.311779 0.18742 -0.442781
-0.455035 0.0364724 -0.0738286
-0.251274 0.438497 0.493323
-0.498209 -0.174851 -0.256421
-0.2482 -0.356178 -0.47034
-0.3056 -0.337451 0.229627
-0.12032 0.360347 0.135769
0.0729557 -0.319593 -0.209355
0.42534 0.119507 0.225229
-0.271811 0.0965728 0.105184
-0.453185 0.144172 0.121771
-0.403995 0.425593 0.279941
-0.226388 0.08345 -0.0931915
-0.150874 -0.1483 -0.140513
-0.374873 -0.0975025 0.491351
0.0120041 0.138728 -0.423678
0.274383 -0.202257 0.265584
0.443879 0.428181 -0.0921452
-0.19995 -0.40812 -0.0464213
0.472226 0.335279 0.0727222
-0.0806357 -0.247821 0.122989
0.0724604 -0.0671804 0.245582
0.168185 0.0313628 0.252844
-0.00181937 -0.22857 -0.271745
0.131594 0.311204 0.445534
0.0851063 -0.33701 -0.417531
-0.17568 -0.458739 0.292549
0.461263 -0.16862 -0.383965
-0.264914 -0.380618 -0.272341
-0.408987 0.288171 -0.270634
-0.188417 0.384896 0.455081
-0.0434002 0.422082 -0.0798628
0.306884 0.337507 0.452378
-0.174593 -0.449076 0.253395
-0.272471 0.390929 0.285862
-0.120355 -0.0379777 -0.335192
0.00819588 0.356288 0.109983
0.136507 0.254328 0.376014
-0.49016 0.365797 -0.018032
0.38382 -0.389606 0.0479357
-0.488912 0.435506 0.326329
-0.173522 0.146947 0.328139
0.486784 -0.0524955 -0.293725
-0.447789 -0.457716 -0.381204
-0.2281 0.191612 0.406503
0.428288 -0.191062 0.07621
0.281557 0.413642 -0.19508
-0.0129414 -0.346304 0.412248
0.452675 -0.116515 0.244998
-0.283965 -0.405833 0.279007
0.0292383 0.137983 0.293396
0.184551 -0.279869 0.422731
0.462565 -0.29857 0.221518
-0.220837 -0.156888 0.43497
0.470421 0.476012 0.248546
0.20895 -0.0812463 -0.00358796
0.355788 -0.0450612 -0.130432
0.0809388 0.34791 -0.127803
-0.240047 0.352791 -0.326233
0.0459801 -0.106446 -0.0031265
0.23368 0.00775707 0.0677691
0.476335 -0.330826 -0.0805658
0.0415661 -0.392284 -0.303774
-0.170049 -0.217059 -0.499461
0.244743 -0.340176 0.183953
0.294781 -0.23705 -0.497259
0.334432 0.412999 0.453662
0.267947 -0.0613588 -0.292908
0.447199 -0.291073 -0.350442
-0.325215 -0.166564 0.0429777
0.072511 0.389806 0.189945
-0.0466896 0.204249 -0.0546722
0.0175321 -0.174212 -0.296976
-0.415776 0.170027 -0.450261
-0.370744 -0.116742 -0.327892
-0.123348 0.479573 0.279213
-0.145339 0.252135 0.491946
0.326978 0.288213 0.0411313
0.347933 0.304834 0.0613962
0.362523 -0.368701 0.428346
-0.372079 0.223557 -0.498839
-0.164168 -0.342743 -0.0770459
0.483117 0.0846369 -0.152031
0.496608 0.383693 0.397125
-0.274473 0.394776 -0.111334
-0.165246 0.379878 -0.483683
-0.263651 0.462852 0.378782
0.258323 0.455032 -0.0158162
0.169238 -0.407281 0.404846
0.324131 0.40147 -0.366251
-0.313133 0.38755 -0.413993
-0.149551 0.395581 0.498831
-0.367976 -0.310775 -0.473004
-0.0253395 -0.167017 -0.3255
0.254984 -0.395093 -0.225901
0.0706664 -0.320885 -0.127031
-0.246096 -0.0774585 0.147463
-0.220704 0.196682 0.322407
0.295827 0.0290267 0.38082
-0.0995765 0.339989 0.409301
-0.451967 -0.219714 -0.179997
0.0514266 -0.000480294 -0.244813
-0.0678427 0.224368 -0.485588
-0.129092 -0.0179311 0.00871944
-0.173283 -0.423338 0.384564
0.362429 0.397624 -0.473061
0.232449 0.34417 0.436704
0.0932199 -0.40713 0.320397
-0.21557 -0.348241 -0.206532
-0.168303 -0.223883 -0.106092
-0.327217 -0.230286 0.498362
-0.177291 -0.320067 -0.407139
0.154113 -0.148846 0.375345
0.024242 0.0721139 -0.35875
-0.323444 -0.447747 0.133244
-0.187303 0.134423 0.218164
-0.440073 0.19972 0.368691
-0.336225 0.414409 -0.200233
-0.245531 0.229018 0.287441
0.415587 -0.0556375 -0.146641
-0.410571 -0.0577775 0.0458959
0.406638 -0.404089 0.116333
0.140636 -0.16594 0.282243
-0.387785 0.404535 -0.396986
-0.337524 0.267812 0.477381
0.264493 0.089691 -0.0134104
0.496409 -0.364466 -0.311477
0.175784 0.43218 0.446251
0.303156 -0.0823916 0.286107
0.189613 0.349741 0.157122
-0.274267 -6.86646e-5 0.276295
0.331517 -0.48654 -0.0611078
0.385917 -0.00992811 -0.33158
-0.483493 -0.12311 -0.135546
0.0923717 0.235277 0.49065
-0.0591786 -0.157177 0.0524631
0.467423 -0.121544 -0.167445
-0.451054 -0.0990019 0.212071
0.237061 -0.0718324 -0.305189
-0.392238 0.387327 -0.290809
0.0859367 -0.257969 -0.0191869
0.426691 0.207372 -0.232863
-0.435143 -0.173657 0.0663444
0.380247 -0.0184953 -0.199115
-0.366937 0.0939822 -0.0588416
0.074582 0.462135 -0.186172
-0.0846649 -0.376397 -0.0405041
-0.342879 0.450555 0.0965606
-0.211839 0.327505 0.499137
0.346614 0.0346764 -0.15388
-0.131001 -0.244978 0.387334
-0.173836 0.00520277 -0.36532
0.178687 -0.469816 0.0225325
-0.178636 -0.495625 -0.116061
-0.373961 0.0560669 -0.0647558
0.46368 -0.296067 -0.0390162
0.221421 0.12185 0.359847
-0.0658423 -0.0699718 0.328601
0.148102 0.150193 0.260769
0.482419 0.183897 0.353202
0.289176 -0.267207 0.107765
0.412104 0.473724 0.22741
0.306052 0.318885 0.156978
0.48213 -0.462649 0.495784
-0.0898058 0.0750501 0.434274
0.38888 0.0954969 -0.487656
-0.35364 -0.329361 -0.490223
0.268217 0.272931 0.303555
0.395103 -0.0600349 0.314945
0.389992 0.0954112 -0.384459
0.0720525 -0.227633 -0.363479
