0.405996 -0.48448 0.440177
0.33132 -0.240057 0.445146
0.376388 -0.216143 0.437517
0.434786 -0.397939 0.494527
0.5 -0.5 0.5
0.250576 -0.407649 0.458643
0.362972 0.152431 0.486682
0.251095 0.106785 0.452711
0.296864 -0.27925 0.476767
0.164413 0.00427233 0.316697
-0.120832 -0.153377 0.451684
0.224716 -0.0854814 0.464028
0.186924 -0.134757 0.4981
0.174912 -0.200528 0.481806
-0.0275225 -0.15592 0.425262
0.163746 -0.116232 0.44655
-0.0335676 -0.243185 0.478063
-0.181097 -0.188345 0.47324
0.288477 0.07187 0.348322
0.289712 0.0288454 0.240008
0.10814 -0.257481 0.427809
0.143477 0.0378121 0.376506
0.156012 -0.0852766 0.425858
-0.0443622 -0.307156 0.437245
0.200649 0.0909799 0.342771
-0.056103 -0.357695 0.383351
0.219567 0.0597992 0.416275
-0.0477256 -0.247543 0.170133
0.416697 -0.229981 0.499785
0.347691 -0.0583704 0.499646
0.141886 0.189836 0.319305
0.0306307 -0.499196 0.471733
-0.137953 -0.459566 0.293673
-0.0632079 -0.423604 0.319855
0.209676 -0.36134 0.462796
-0.0705744 -0.363566 0.272558
0.220799 0.245875 0.38277
-0.130491 -0.419096 0.484262
0.221964 0.204915 0.41265
0.331323 0.04981 0.254694
0.181627 0.0463397 0.278896
0.121793 0.0340633 0.276938
0.164403 0.149324 0.33711
0.0343178 0.0518178 0.407983
-0.152309 -0.402352 -0.0377423
0.105635 -0.0125919 0.476486
-0.156635 -0.0976729 0.424161
-0.135714 -0.272837 0.491148
0.288869 0.0369001 0.356584
-0.21931 -0.434782 0.37093
0.0585836 0.250456 0.441781
-0.0192187 -0.429709 0.090578
0.0867356 -0.0795186 0.489967
0.134774 0.0757831 0.315757
0.499785 0.111953 0.274515
0.181741 0.213235 0.137332
-0.0269195 -0.391136 0.42527
0.278078 0.0963634 0.370617
-0.38028 -0.453205 0.349177
-0.168542 -0.357323 0.244534
-0.151154 -0.415328 0.187425
-0.0077344 -0.352018 0.248741
0.364171 -0.351665 0.479326
0.166996 -0.150358 0.333595
-0.186902 -0.303652 0.327313
-0.127305 0.404395 0.477952
0.258689 -0.0744966 0.273538
0.247765 0.12667 0.292082
-0.00837664 -0.036784 0.44158
-0.066426 -0.309642 0.180044
0.300985 -0.0023423 0.256298
0.331103 -0.363569 0.481252
-0.0420732 -0.253592 0.249717
0.147069 0.164708 0.279618
-0.0663242 -0.344652 0.364571
0.000356443 -0.334496 0.330374
-0.116303 -0.340044 0.454363
0.0276849 -0.162202 0.35418
0.319681 -0.0130553 0.296959
0.257071 0.296308 0.17108
0.227328 -0.194221 0.381732
-0.135871 -0.256717 0.154949
0.206529 0.115219 0.293459
0.0773076 -0.467438 0.461501
0.394434 -0.0914889 0.30343
0.308468 0.123675 0.235276
0.0367875 -0.144237 0.301642
0.32824 -0.308227 0.457559
0.267764 0.114097 0.374901
0.00619651 -0.332827 0.346848
0.256366 -0.30137 0.307975
-0.113275 -0.428779 0.396293
0.132245 -0.0456256 0.369407
0.188716 0.0903231 0.338181
-0.0779845 -0.323827 0.134849
0.199151 -0.214827 0.436814
0.258045 0.120814 0.255467
0.301109 -0.315851 0.492642
0.219194 0.0237062 0.455209
-0.111829 -0.279418 0.231886
-0.0550847 -0.0692277 0.430534
0.000211142 -0.463457 0.444277
0.111377 -0.417157 0.215966
-0.0775468 -0.474822 0.443387
0.0251301 -0.248752 0.394024
0.360865 -0.11982 0.482375
0.159741 0.197236 0.275298
0.203104 0.0755476 0.178059
0.345003 -0.0391882 0.178301
-0.0965375 -0.498402 0.199403
0.0510995 0.246186 0.366167
0.104593 0.225415 0.289213
0.14585 -0.190352 0.301179
-0.168527 -0.429775 0.268931
0.115048 0.0201013 0.137825
0.195784 -0.197966 0.256644
0.447523 0.0997539 0.215085
0.0177489 -0.36752 0.176796
0.134049 0.247051 0.482583
0.417251 -0.249943 0.354193
0.313027 -0.0145026 -0.0281429
-0.0276091 0.355449 0.435136
0.317912 0.0214027 0.197527
-0.147873 -0.472501 0.273027
0.300526 0.0950127 0.408628
0.448558 -0.0279779 0.0534785
-0.270931 -0.369775 0.374423
0.379193 0.354639 0.397764
-0.000152685 0.00117719 0.464841
-0.202649 -0.368495 0.405262
0.207412 -0.200366 0.279724
0.202862 0.257054 0.278474
0.132893 0.262189 0.423152
0.286316 -0.135895 0.288812
0.118724 -0.0708327 0.257886
0.110208 0.193407 0.294553
0.259775 -0.197652 0.28721
0.280575 -0.191499 0.234642
0.171745 0.307322 0.313979
-0.00632344 -0.31591 0.157609
0.0591052 -0.257217 0.397591
0.304989 0.162854 0.237328
0.131911 0.129374 0.394791
0.26441 -0.460535 0.43023
0.0169095 -0.0286622 0.481879
-0.104915 -0.458383 0.403449
0.2067 -0.225117 0.258008
-0.0217907 0.141326 0.443505
0.130601 -0.22966 0.397113
-0.158477 -0.365659 0.208357
-0.176387 0.00671357 0.495733
0.15615 0.220324 0.34423
0.108596 -0.250106 0.19873
-0.0683682 -0.271967 0.12042
0.0461075 0.213889 0.414346
0.473782 0.0856517 0.247857
-0.0852709 -0.0554259 0.447564
0.226991 0.224024 0.0999885
0.273596 -0.149563 0.187523
0.0764361 -0.460015 0.385851
0.223952 0.161482 0.237691
0.11904 0.315433 0.339115
0.24175 -0.295223 0.29402
0.43822 0.180972 0.198108
0.36721 -0.284185 0.415504
-0.112111 -0.376656 0.173653
0.229646 0.210512 0.0319935
0.458816 0.489004 0.405418
0.285649 -0.0676493 0.0869895
0.141349 0.169199 0.227284
0.490513 0.0558088 0.425689
0.200788 0.17297 0.471195
0.181584 -0.325153 0.25259
0.10209 -0.195661 0.398983
0.264202 -0.0581717 0.30088
-0.0464912 -0.346402 0.149097
0.0650503 0.238684 0.211835
0.424431 -0.178383 0.449974
0.457344 -0.0634415 -0.260265
0.49699 -0.0596475 0.396442
-0.0431272 -0.209055 0.433661
0.391483 -0.122097 -0.213814
0.355645 -0.0389063 0.190233
0.319185 0.0798957 0.44542
0.403175 0.0106838 0.166586
0.46645 -0.102272 0.466907
0.209941 0.290081 0.34579
0.42409 -0.16842 0.265015
0.0322466 0.223986 0.36303
0.193866 -0.0109048 0.32751
-0.252156 -0.461339 0.379917
-0.321647 0.387444 0.46919
-0.19146 -0.359376 0.122402
0.336927 0.152442 0.482688
0.29772 -0.140856 0.451211
0.287335 -0.102638 0.0722029
0.300133 -0.179265 0.224719
0.28859 0.284405 0.140038
0.107554 -0.152381 0.416421
0.133819 -0.463922 0.316655
0.0574309 -0.136784 0.344457
0.0592402 -0.116445 0.2881
0.363373 -0.211781 0.342758
0.127202 0.107596 0.288029
0.129007 0.0697893 0.157306
0.0684212 0.243796 0.416469
0.0896993 0.140814 0.473368
-0.0792929 -0.269565 0.299365
0.0856245 -0.0160943 0.310501
0.0675673 -0.34586 0.373024
0.262348 0.102741 0.156281
0.0776602 -0.355713 0.448293
0.0770183 0.190443 0.148351
0.402117 0.147101 0.198654
0.195462 -0.0112115 0.140894
0.254713 0.316867 0.212983
-0.286123 -0.331821 0.422743
0.106654 0.138141 0.478767
0.0027203 0.234908 0.477696
-0.0653003 -0.357699 0.28819
0.0658816 0.0298499 0.136691
0.391226 -0.140914 0.376188
-0.243579 -0.369927 0.409395
0.431401 0.219789 0.478515
0.363388 -0.349728 0.431523
0.32238 -0.215596 0.354868
0.132065 0.143011 0.154848
-0.0306822 0.134958 0.337399
0.178188 0.293033 0.202878
0.107086 0.31887 0.142897
0.25071 -0.105985 0.163458
0.427755 -0.0880574 -0.380031
0.118763 0.228445 0.146748
-0.0422035 -0.361978 0.14302
-0.202576 0.307648 0.471334
0.171743 -0.464885 0.198124
0.139786 -0.205155 0.283233
0.295262 0.342784 0.413101
0.21848 0.263639 0.0370665
0.107642 -0.106461 0.146214
-0.0216574 -0.353659 0.323965
0.275156 -0.206602 -0.0112959
0.199314 -0.128955 0.428704
0.0566994 0.329208 0.257575
0.0663892 -0.291834 0.273359
0.117588 -0.138453 0.204646
-0.0365968 0.32225 0.466158
0.447095 -0.114133 -0.201132
0.42434 -0.00387926 -0.0302668
0.0380372 -0.246138 0.271263
0.334619 0.250969 0.222464
-0.0149709 -0.482418 0.242578
-0.156087 -0.444723 0.227076
0.350394 -0.150131 0.200759
0.115397 0.461343 0.378346
0.262078 -0.0406371 -0.00877245
0.242784 0.212998 0.0991105
-0.0844987 -0.197313 0.217521
0.00292358 -0.336757 0.183338
0.0727175 0.0414493 0.341488
0.0354736 -0.0524384 0.204458
-0.012455 -0.361707 0.281116
0.0619072 -0.470169 0.283607
0.305851 0.187156 0.234402
0.174979 -0.129387 0.326398
0.0418589 -0.283328 0.406603
0.0596704 -0.358037 0.247202
0.368302 -0.158683 -0.40543
0.229525 0.338326 0.0357932
-0.34179 -0.411037 0.36412
0.0731503 -0.275547 0.340712
0.374019 -0.185755 0.178826
0.334613 0.0561207 0.130885
0.136071 -0.136233 0.316615
-0.30122 -0.272161 0.453577
0.108158 0.237511 0.425977
0.496271 -0.0418899 -0.117902
-0.091182 -0.454083 0.115894
0.115425 0.370533 0.317961
0.437211 0.011902 -0.0743802
-0.324424 -0.222523 0.304719
0.317532 -0.176004 0.326244
0.277456 0.31662 0.450381
0.285042 -0.168535 0.209058
-0.113787 -0.367858 0.169192
0.00659099 0.0190911 0.345645
0.278236 -0.474203 0.200455
0.129339 0.385741 0.446074
0.354831 -0.0876253 0.0104925
0.328983 0.268704 0.467748
0.320873 0.251757 0.175832
0.0424886 -0.1847 0.169045
0.380257 -0.0463987 -0.190369
0.437481 -0.0389426 -0.367244
-0.0755112 -0.408989 0.325836
-0.0392268 -0.370464 0.187264
0.272399 -0.248711 0.114155
0.344865 -0.012982 -0.227336
-0.224155 -0.45152 0.420112
0.148188 -0.0878163 0.39342
0.0227074 -0.205001 0.259047
-0.0781552 0.321064 0.441824
-0.0793995 -0.324111 0.24709
0.239773 -0.40826 0.250453
0.461032 0.0880048 0.0951189
0.310419 0.296761 -0.0111439
-0.306616 -0.323686 0.270196
0.156972 0.050519 0.224246
0.032472 -0.478899 0.22313
0.448012 -0.065348 -0.107085
-0.250045 -0.353652 0.451678
0.334732 -0.00946884 0.478767
-0.251461 -0.307647 0.357341
0.309548 0.463488 0.384373
-0.222614 0.307676 0.370847
-0.159074 -0.315303 0.0278143
0.232642 0.150304 0.24823
0.00468344 -0.358468 0.320701
0.29072 0.209717 0.324787
0.0211424 0.291812 0.239833
0.420123 0.0803749 0.0494806
0.0798997 -0.0893345 0.310006
0.377986 0.422301 0.123851
0.42864 -0.174957 -0.249851
0.175774 -0.0670055 0.0895823
-0.286456 -0.39287 0.371048
0.0828982 -0.339029 0.466863
0.42429 -0.068517 0.0960474
-0.0879806 0.475828 0.457426
0.33267 0.166868 0.220051
0.064494 -0.278306 0.285033
-0.142878 -0.320637 0.178813
0.261258 -0.265098 -0.424525
0.477562 -0.0831417 0.261318
0.114026 0.132442 0.398797
0.226796 0.479958 0.441282
0.160577 0.101538 0.366477
0.0549032 -0.39842 0.1236
0.386655 0.384348 0.47264
0.454849 0.0589868 -0.265188
-0.16689 0.290885 0.403964
0.0169507 -0.292922 0.160359
0.0890142 -0.403942 0.222601
0.391082 -0.120839 -0.0656985
0.398922 -0.17391 -0.0354409
0.230657 -0.242591 0.166459
0.442281 0.227151 0.0447971
-0.221262 -0.353342 0.116532
-0.256941 -0.329456 0.120001
-0.132568 -0.327366 0.268671
0.199418 -0.144919 0.103862
0.261895 0.0659682 0.297048
0.434984 0.0563325 0.298109
-0.116877 0.484816 0.485551
-0.314329 0.247688 0.470318
0.0140685 -0.460708 0.223509
0.491627 0.106784 0.120088
0.319893 -0.0128656 -0.282909
0.0072464 -0.134056 0.158269
0.459626 -0.0977495 -0.389631
0.07093 -0.183219 0.373887
0.428992 -0.0974416 -0.184161
-0.263123 -0.277894 0.0858078
0.411287 -0.187176 -0.300703
0.442218 -0.278732 -0.303642
0.337834 0.123441 0.219356
-0.0452507 -0.415718 0.328106
-0.0777955 -0.217178 0.478912
0.236479 0.240079 0.118723
-0.272178 -0.494148 0.279135
0.320937 -0.0529792 -0.398201
0.333124 0.00188867 0.490858
0.391912 -0.0498211 -0.130299
0.0347977 -0.444645 0.19111
0.0141584 -0.442093 0.423079
0.35847 -0.163428 0.353482
0.431673 0.183574 0.191579
0.0447157 0.163817 0.147192
0.114543 -0.134872 0.226933
0.100922 0.232424 0.253056
0.270212 -0.150538 0.275407
0.311006 -0.031792 0.0194445
0.392866 0.493702 0.355736
0.305125 -0.0848755 0.066103
0.344629 -0.129239 0.101422
0.409156 0.242219 -0.0898026
-0.124159 -0.141629 0.450981
0.160593 -0.0608766 0.396259
0.448573 0.0170181 0.187243
0.0211612 -0.485959 0.3615
0.0577887 0.18283 0.365851
0.423046 -0.245243 0.0973372
-0.292916 0.380597 0.471103
0.0205445 -0.153109 0.174573
0.0913193 0.300224 0.14797
0.226256 0.258617 0.358175
0.315704 0.165034 0.186291
-0.0372154 0.396407 0.428907
-0.375838 -0.467734 0.327584
-0.259489 0.380612 0.373369
-0.119947 -0.403311 0.352063
0.299173 -0.0123796 0.316351
0.188174 0.205092 0.14561
-0.0454454 -0.464485 -0.00957868
0.0264726 0.118948 0.24149
0.194981 0.245045 0.084433
0.193836 -0.333123 0.260677
0.408771 -0.0151846 0.192172
-0.19859 -0.4192 0.421663
0.352236 -0.324562 -0.441498
0.300857 -0.121777 -0.274469
0.366151 -0.0054166 -0.155655
-0.190914 -0.434619 0.0954549
0.302637 0.142662 0.398805
-0.145837 -0.20223 0.412878
0.184351 0.307461 0.356106
0.179974 -0.194505 0.270855
0.317633 -0.0442659 0.350544
-0.0623397 -0.366841 0.231074
0.448942 -0.0795249 -0.315872
0.472834 -0.311465 0.14403
0.382275 0.470674 0.14957
0.210218 0.0936393 0.444354
0.406935 -0.131486 0.196996
0.415432 0.0607814 0.187719
0.374393 0.250286 0.108251
0.125068 -0.0440012 0.255236
0.423283 -0.0586955 -0.443481
0.134783 -0.254147 0.334189
0.360017 -0.20295 0.196762
0.177016 -0.166375 0.217521
-0.176289 0.268183 0.428535
0.467026 0.431955 0.0107643
0.0382934 -0.0811357 0.419976
0.274944 -0.340963 0.139972
-0.255828 -0.347227 0.252057
0.452468 -0.325249 -0.0465643
-0.0555935 -0.28306 0.14325
0.190686 -0.163279 0.0355305
0.457381 -0.29955 0.426396
0.138792 0.305752 0.118834
-0.134621 0.432285 0.340925
-0.157715 -0.273881 0.366554
0.457356 0.299466 -0.0793215
0.354539 -0.0491172 -0.302576
0.0763566 -0.365319 0.378596
0.383053 0.05765 0.0175478
0.201726 0.000534385 -7.21663e-5
0.460922 0.174971 0.300538
0.435054 0.207476 0.189912
0.229069 -0.0644956 0.197652
0.1856 -0.215019 0.315782
-0.0698752 -0.0494231 0.476913
0.0859601 0.1722 0.106968
0.128968 0.124277 -0.104363
0.357996 0.025451 -0.120177
-0.225321 -0.251142 0.274162
0.460022 0.082546 0.213788
-0.121517 -0.116477 0.462823
0.411409 0.320183 0.220128
0.329261 -0.170577 -0.318589
-0.0132745 0.223846 0.23397
0.0542494 -0.221688 0.275056
0.0356627 -0.107844 0.271201
0.381418 -0.146501 -0.329558
0.480285 0.310818 -0.145776
-0.154631 -0.239259 0.132844
-0.204643 -0.387536 0.15979
0.492121 -0.0383102 -0.300208
0.452776 -0.0689792 0.249933
0.333091 -0.208218 0.327857
-0.193845 -0.271813 0.373721
0.0527148 0.0143649 0.44202
0.49783 -0.289413 -0.148039
0.00108358 0.202397 0.0376985
-0.229027 0.469177 0.402461
0.161054 -0.351888 0.247034
0.279807 -0.185861 0.0604841
0.282139 -0.482416 0.184796
-0.271915 -0.302253 0.194878
-0.0155585 -0.283077 0.190897
0.241615 -0.302925 0.104446
0.0330459 -0.382366 -0.0215709
0.14739 0.219392 0.257107
0.338984 -0.189354 0.0358499
0.108756 0.25654 0.356683
0.24542 0.468512 0.484532
0.283845 -0.452004 -0.40902
-0.25305 -0.390918 0.254293
-0.257814 -0.379583 -0.0760237
0.431223 0.256899 0.421567
-0.011667 -0.345457 0.300346
0.405254 -0.0550332 -0.310938
0.420722 -0.120452 -0.294447
0.0264478 0.182757 0.111315
0.284809 0.398249 0.378666
0.249252 0.409466 0.305469
0.0938567 0.251064 0.0193643
-0.0778913 0.353437 0.415957
-0.204743 0.043791 0.377092
0.102376 0.120935 0.158761
0.184473 -0.250321 0.332369
-0.0993381 0.403635 0.26072
0.491091 0.189201 -0.069314
0.314751 -0.109199 -0.49855
0.35622 0.194575 0.194395
-0.148469 0.0631637 0.485002
0.198019 -0.190006 0.302036
0.430321 -0.30117 0.348975
0.334049 0.3929 0.195494
0.348388 0.157499 -0.0252585
0.306903 -0.421405 -0.245616
0.367975 -0.0701805 -0.0565359
0.370841 -0.286612 0.251605
0.389617 0.222363 0.183811
-0.175147 -0.295258 0.341973
0.399061 -0.180778 0.325092
0.272781 -0.15365 -0.44452
0.330364 -0.231649 0.370387
0.384961 0.0901174 0.0756768
0.40703 -0.1332 -0.329773
0.0787671 -0.00370467 0.405353
-0.175374 -0.291925 0.265261
0.363867 -0.248256 0.315826
-0.310626 0.413265 0.401171
-0.310147 -0.378914 0.102299
0.411418 -0.306811 0.102816
0.0895857 -0.167609 0.401778
-0.280857 -0.0518026 0.467716
-0.0602946 -0.236347 -0.0545807
0.139062 -0.0594192 0.147582
0.389401 -0.134453 -0.0345558
0.00218494 0.196631 0.112704
0.049865 -0.177437 0.342547
-0.334883 -0.308108 0.490261
0.231997 0.255736 0.134929
-0.218635 -0.252855 0.00681256
0.469491 -0.143163 -0.0439311
0.458736 0.0608593 0.472435
0.424484 -0.0301035 -0.346107
-0.173094 -0.207326 0.108073
0.477526 -0.0836776 -0.22166
-0.284247 -0.435923 -0.0212266
-0.119184 -0.290761 0.290407
0.46575 0.360622 0.452931
0.420007 0.399351 0.0785562
-0.00598961 0.311909 0.442456
0.443818 -0.047439 -0.0953605
-0.166885 -0.23825 0.391796
0.132737 -0.369974 0.165057
0.181361 0.158041 0.428743
0.4313 0.202571 0.10607
-0.0698025 -0.232128 -0.17446
0.166106 0.417076 0.229245
0.0165346 0.241547 0.13255
-0.216712 0.203712 0.332171
0.421647 0.160749 0.202465
-0.0216889 0.248854 0.18261
0.389007 -0.233113 0.059315
-0.203269 0.192992 0.463503
-0.217689 -0.442343 0.471942
-0.271559 0.426877 0.229538
0.0897314 0.383815 0.0337032
-0.237572 0.279567 0.386339
-0.0290656 -0.276398 0.201697
0.0760596 0.323878 0.301007
0.0928679 -0.346262 0.310397
-0.0917537 -0.174861 0.247367
0.212192 -0.145266 -0.0858644
0.414957 -0.138124 -0.485455
0.104537 -0.251285 0.170776
0.491113 -0.34751 -0.0347492
0.41618 0.206226 0.014496
0.491228 -0.0473339 -0.280138
-0.153467 -0.421037 0.291177
0.440031 0.063651 -0.0604569
0.305208 0.10601 -0.0628847
-0.00771083 -0.187427 0.399433
-0.112577 -0.323727 0.182337
0.40833 -0.167038 -0.478085
0.38504 0.292226 0.0148103
0.362456 0.175149 0.118193
0.257124 -0.104416 0.268875
0.0523699 0.281761 0.25742
0.389594 -0.40492 0.0636804
-0.115242 -0.323312 -0.153508
-0.101881 0.377151 0.468541
-0.223411 0.34066 0.378382
0.212808 0.12474 0.373343
0.496585 0.420983 0.000927985
0.26422 0.151722 0.0371219
0.167438 0.289721 0.0330061
-0.117866 -0.428777 0.0727708
0.44103 0.343186 0.0202388
-0.179013 -0.350376 0.282579
0.459411 -0.311795 -0.441418
0.303842 0.0590499 -0.361827
-0.288119 -0.231992 0.400344
0.17527 -0.148071 0.179056
-0.129925 -0.288353 -0.0318962
0.24568 -0.388328 0.360005
0.473102 -0.234874 -0.424563
0.124639 0.223269 -0.0327579
-0.112271 -0.140767 0.0352803
0.329396 0.211129 -0.0171243
0.367637 0.110245 -0.0250291
0.346774 -0.448592 0.325592
0.265218 0.388051 0.214893
-0.0097727 0.0436136 0.166693
0.448034 -0.217432 0.209623
0.281139 -0.219297 0.249846
0.433904 0.0139771 0.305166
0.0334785 0.247667 0.190163
-0.00649343 -0.339805 0.178766
0.390669 0.438735 0.219769
0.280682 -0.147005 -0.399932
0.0724235 0.136593 0.142365
0.426895 -0.250619 -0.0883638
0.0480157 -0.249799 0.276282
-0.239809 -0.239572 0.266703
0.334241 -0.146988 -0.175596
-0.22717 -0.116951 -0.159214
0.258578 0.378663 0.375721
0.400078 -0.196408 0.207812
0.239782 0.350687 0.163492
0.350767 0.164297 -0.0966379
0.26901 -0.212307 0.211134
0.294315 0.337179 0.187691
0.429541 -0.0924198 -0.0856469
0.0134371 -0.233953 0.162296
-0.204006 -0.234144 -0.0553958
0.0865756 0.283621 0.139269
-0.242228 -0.328712 0.106898
0.408201 0.309903 0.199918
0.13508 -0.158639 0.205993
0.380431 -0.279809 0.110213
0.180021 -0.455489 0.200948
-0.106917 -0.400316 0.443875
0.175481 -0.468686 0.300513
-0.252692 0.428166 0.426555
0.344256 0.13454 -0.416767
-0.197487 -0.226994 -0.205053
0.0621466 0.176441 0.128991
0.215188 0.0403889 0.0602758
0.343465 0.308508 0.215426
0.252557 0.33532 0.0863678
0.393667 -0.0115317 -0.262985
0.347471 -0.41355 0.372331
0.162147 0.100231 0.109149
-0.0561996 -0.269377 0.0324867
0.26674 -0.385482 0.162574
0.323328 -0.333471 0.130226
0.276203 -0.366359 0.0267331
-0.07808 0.33067 0.16203
-0.122663 0.403104 0.199754
0.295419 -0.241053 0.126668
0.326076 -0.447946 0.182717
-0.28924 -0.39034 -0.0425271
0.130832 0.149137 -0.101163
0.175671 -0.414274 0.322826
0.468426 -0.0449118 -0.178605
0.482752 -0.421894 0.102493
-0.428592 -0.256329 0.220786
0.342947 -0.375814 -0.161355
0.194064 -0.210791 0.127054
0.126096 -0.352625 0.249912
-0.0698569 -0.460024 -0.0105837
0.189016 0.233429 0.307802
-0.357292 0.483864 0.424491
-0.12274 0.219191 0.266825
0.482988 0.0616183 0.0113715
0.460162 -0.408024 -0.0832634
0.408885 0.0831668 -0.155615
0.304897 -0.0191355 0.0517861
0.225804 0.295236 -0.0972735
0.376106 0.471369 0.269627
-0.325101 -0.336948 -0.251044
-0.158376 -0.340746 0.053664
0.277686 -0.194854 -0.308322
0.418005 -0.317333 -0.352513
0.0153485 0.118219 0.04474
0.44779 0.453421 -0.111381
0.341153 0.245312 0.41597
-0.24598 -0.368983 -0.183503
0.107051 -0.461287 0.241466
0.379422 -0.0358199 -0.256948
0.39346 -0.208645 -0.191236
0.348396 0.364585 -0.175445
-0.221323 -0.411536 0.152671
-0.0580856 -0.165938 -0.10159
0.267266 0.307455 0.00830431
0.490056 -0.374557 -0.0812651
-0.173068 -0.290666 -0.0793491
0.371918 0.108876 0.119069
0.349637 -0.00856791 -0.100236
0.254344 -0.116207 -0.250253
-0.0841364 -0.195334 0.254409
0.329475 -0.0285437 -0.0762487
0.414162 0.157202 0.117044
0.017814 0.192106 -0.135857
0.185732 0.369997 0.356219
-0.188182 0.178212 0.268637
0.439863 -0.376713 -0.208916
0.166522 -0.153186 0.324772
0.301371 -0.414493 -0.215742
0.443594 0.142479 -0.142723
0.341385 0.400318 0.469522
0.0329593 0.475685 0.186415
-0.125366 -0.183975 0.314896
0.358085 -0.14741 -0.083729
0.361286 0.0947223 0.13064
0.435009 0.474811 -0.212575
0.207865 0.0457717 0.0118202
0.129547 -0.140148 0.234816
0.287616 0.0275931 0.0460686
-0.178256 -0.184793 -0.179713
-0.190278 -0.271561 -0.131401
-0.00841171 -0.0222593 0.0715307
0.411742 0.0258832 -0.131564
0.220666 0.22367 0.423995
-0.275249 -0.232207 0.473402
-0.197496 -0.308074 -0.167867
-0.159262 0.11206 0.344909
0.153821 -0.162854 0.26706
0.0986942 -0.424158 0.0380215
0.387106 -0.00800662 0.0991531
-0.0664462 -0.187644 -0.261312
0.417387 -0.0249231 0.159986
0.0130083 0.305542 0.358325
0.0114377 -0.0315581 0.466976
0.0831836 -0.429657 0.09078
0.258901 0.17204 -0.001123
-0.0387311 0.468164 0.361017
0.0100619 -0.166236 0.455168
0.371256 0.341502 0.289196
0.0360063 -0.209927 0.129824
0.359835 0.262187 0.272608
0.414254 0.370856 0.479723
0.26247 -0.07828 -0.376632
-0.106323 0.178938 0.136095
0.438835 0.0433161 -0.267363
-0.146719 -0.0592066 -0.0348167
-0.115583 0.0929993 0.0598679
0.288922 0.0507776 0.323476
-0.153654 -0.235002 0.155192
0.485214 0.167134 -0.0510025
-0.31272 -0.0726479 0.496655
-0.310341 -0.154161 0.226953
0.311969 0.141028 -0.149826
0.413851 0.441086 -0.210231
0.319565 -0.0496798 -0.365599
-0.122744 -0.109837 0.228149
-0.354732 0.270532 0.372586
-0.346129 -0.362252 -0.133714
-0.17691 -0.277149 -0.00369082
0.266581 0.370061 0.12296
0.251904 0.464609 -0.29384
0.0500202 0.227053 0.153235
0.444746 -0.16328 -0.0545563
-0.202241 -0.343306 0.107071
-0.121098 -0.28255 -0.325605
0.460581 -0.227634 -0.32016
0.426408 -0.308967 0.0171655
0.149078 -0.183678 0.311053
-0.0773796 -0.354197 0.131715
-0.0186463 -0.117699 0.402968
0.102552 -0.440077 0.436669
-0.0564029 -0.139352 0.247746
0.276781 -0.131916 -0.278221
0.19562 -0.224652 0.293684
-0.149428 -0.186475 0.37175
0.314557 -0.118946 0.0425547
-0.317024 -0.201556 0.476765
-0.304488 0.341441 0.427207
-0.192879 0.25822 0.180302
0.0957699 -0.383398 0.232114
0.311915 -0.30097 0.148021
-0.198582 -0.0754289 0.301236
0.0625917 0.444494 0.422486
0.376249 -0.433146 -0.117452
0.28726 -0.128094 -0.118732
0.430334 -0.109645 -0.0721319
0.490414 0.162828 -0.0522815
0.209253 -0.473523 -0.059938
0.478857 -0.192025 -0.341064
0.296152 0.195039 0.323088
0.0988884 -0.328594 0.23886
-0.291553 -0.351035 0.0754613
0.252752 -0.198218 0.131153
-0.144991 -0.278423 -0.314267
0.188323 -0.0706531 0.171143
0.483932 0.148783 0.197713
-0.145598 -0.329178 -0.287269
0.00789728 -0.105159 0.0505195
0.20155 -0.473098 0.430888
0.0230621 0.158694 -0.210134
0.0445931 0.271518 0.175501
0.068985 0.131992 -0.144234
-0.190864 -0.391808 -0.11009
0.451339 0.235125 0.18916
-0.129957 -0.197424 0.40741
-0.0158385 0.239718 0.251182
0.392283 -0.0694701 -0.0924285
0.388827 0.33999 0.0996046
-0.112648 -0.285642 0.123886
0.323669 0.478212 -0.173742
0.32874 0.439609 0.19156
0.114034 0.0704042 0.161689
-0.140004 -0.212936 0.100041
0.273555 -0.304034 0.233632
0.41761 -0.441183 -0.0345306
0.232995 0.370815 -0.194084
-0.489016 -0.0889579 0.487816
0.418805 -0.46402 0.292487
0.2483 -0.359609 -0.497641
-0.117601 -0.376984 0.0539192
0.11465 -0.180492 -0.185443
0.310505 0.331149 0.249035
0.403895 -0.47969 -0.15145
0.481327 -0.123295 -0.246861
-0.046333 0.145238 0.0208116
0.288072 -0.195145 -0.192339
-0.473118 -0.233389 0.0860949
-0.112215 0.438969 0.139718
0.412834 -0.198167 -0.494838
-0.186385 0.289508 0.229586
0.0566289 -0.0842543 0.104006
0.444324 0.0508521 -0.0803145
-0.0658504 -0.279064 -0.285854
-0.164995 -0.174974 -0.146033
-0.367611 -0.402995 0.0658098
0.283849 -0.173595 0.262176
0.380675 0.0499826 -0.101557
0.182757 0.473137 0.399005
-0.0895954 -0.075207 0.121477
0.122914 0.162539 0.0421116
0.496986 0.35122 -0.0460439
-0.435939 -0.31349 0.322663
-0.388934 0.169423 0.430781
0.125835 -0.10425 -0.347298
0.142902 0.282191 -0.333139
0.024905 0.395239 0.315746
0.472251 0.315894 0.213076
0.0174122 -0.241158 -0.353645
0.376052 0.316887 -0.214914
-0.121334 0.112094 -0.019666
-0.481564 -0.320336 0.160948
0.317385 0.406443 -0.173909
0.0510911 -0.162804 0.277061
-0.0789796 -0.345733 0.0232242
0.0952045 0.204335 -0.292187
-0.234983 0.0650498 0.404035
0.46135 0.320609 -0.157209
0.291934 -0.207841 0.327967
-0.0497505 -0.306956 0.0810558
-0.0775192 -0.248654 0.0228936
0.447296 0.0616977 -0.251845
0.485927 -0.379063 -0.209811
-0.431959 -0.188075 0.274453
-0.392722 -0.201393 0.14622
0.0542276 0.215672 -0.117718
0.489675 0.41689 0.233957
0.263554 0.0731702 -0.261609
-0.0557255 -0.301201 -0.175811
0.460317 0.296782 0.240622
-0.0806601 -0.214375 0.251425
0.481804 0.0273786 -0.0484771
-0.211874 0.0134864 0.00894068
-0.371707 -0.216143 0.311744
0.199864 0.389026 -0.335256
0.120032 -0.422751 -0.0319447
-0.0538416 0.096525 -0.0819303
-0.218217 -0.145472 -0.20287
-0.36494 -0.236453 0.384551
-0.0415759 0.419372 0.271791
-0.229058 -0.107982 0.273963
0.329621 0.497814 0.476683
0.415853 -0.379184 -0.337588
0.146703 0.119956 0.201455
-0.115972 -0.17562 -0.138386
0.483396 0.0111471 -0.385047
-0.089851 -0.377371 -0.242876
0.202788 -0.103162 -0.13806
-0.296018 -0.347236 0.343698
-0.116444 0.200585 0.095444
-0.121533 0.298833 0.33141
0.307015 -0.11106 0.0635604
0.0438134 0.38972 0.28866
0.350433 -0.00347085 -0.217117
0.153744 0.224078 0.444792
-0.246652 -0.131538 -0.045795
-0.239485 0.485932 0.190878
0.382612 -0.0578095 0.395507
-0.275058 0.346704 0.498829
-0.105532 -0.245598 -0.0259473
-0.191143 -0.118508 0.0988232
0.25688 0.225806 0.126075
-0.206331 -0.127463 0.0100663
0.0760351 0.124013 0.374328
-0.14133 -0.169701 -0.161512
-0.159386 -0.289604 0.000208929
-0.0181298 0.399911 0.249308
0.393996 0.239782 -0.110784
0.434247 0.466246 -0.0855952
0.26589 -0.476094 0.354124
0.289322 -0.48241 -0.347603
0.424386 -0.467991 -0.134578
0.0235503 0.424954 0.0230431
0.208518 0.276407 0.226048
0.0716086 0.159445 -0.0218166
-0.417867 -0.201133 -0.200595
-0.157799 0.306572 0.336115
0.398477 0.479494 0.301754
0.220366 0.431078 0.304285
-0.0651823 -0.0776588 0.111851
0.230075 -0.10571 -0.128858
0.25894 0.467653 0.181096
-0.0501314 -0.0109092 0.47235
0.49257 0.129886 0.125878
0.431243 -0.215511 -0.147606
0.42749 0.371094 -0.0666133
0.0777942 0.103884 -0.206924
0.194895 -0.4165 -0.479367
0.132925 -0.384851 0.0867407
-0.197007 -0.364851 0.112848
-0.28397 -0.460808 -0.113747
-0.0611044 -0.363982 -0.075363
-0.258395 0.482138 0.402217
0.249446 -0.189571 -0.387289
-0.0709123 0.157052 0.448793
-0.291669 -0.112885 -0.0896458
-0.218936 0.239853 0.125027
0.303032 -0.220702 0.405147
-0.0783176 -0.197307 -0.10307
-0.0583684 -0.0112914 0.16305
-0.219984 -0.27939 -0.0364853
0.148538 0.232924 -0.402621
-0.143707 -0.241649 -0.132512
-0.288181 -0.289935 -0.105208
0.13513 0.421451 -0.0152705
0.0395519 -0.221039 -0.299141
-0.0158012 -0.307754 -0.261855
0.0710729 0.380313 0.320866
-0.496047 -0.135869 0.247447
0.358879 0.365851 -0.00184178
0.236388 -0.123611 -0.284961
0.328778 -0.279496 0.247593
0.452684 0.0832082 0.0614399
-0.179744 0.00446467 0.120588
-0.414793 0.462536 0.342221
-0.351353 0.205114 0.493055
0.46674 -0.128672 0.328038
0.027591 0.256097 -0.372895
-0.00684795 0.0321892 -0.164531
-0.186739 -0.21195 -0.119663
0.00715381 -0.193926 -0.2579
-0.337038 -0.128917 0.390242
-0.107256 0.353228 0.48118
0.339824 0.489892 0.207876
0.0442489 0.325869 0.121785
-0.121748 -0.433709 -0.0436759
0.332811 -0.239882 -0.295151
0.274983 -0.0467836 0.40948
-0.396074 0.315023 0.457639
-0.294773 -0.372248 -0.039911
-0.272636 0.460079 0.248033
-0.34264 -0.151677 0.242917
0.0273096 -0.108695 0.2909
0.283436 -0.267851 0.169062
0.0481683 0.329079 0.484773
-0.363978 -0.0724922 0.457036
-0.228256 0.475477 0.176515
-0.152635 0.0871401 -0.194039
0.416142 -0.117135 0.317895
-0.0637802 -0.0592445 0.0235613
-0.00805712 -0.411292 0.0674952
0.35458 -0.156708 -0.32018
-0.290023 0.0652892 0.381336
0.299401 -0.211466 0.371038
-0.108761 -0.288214 -0.411838
-0.0453788 0.130458 0.0401372
0.192352 0.203059 -0.0312822
0.00772259 0.118251 0.154103
-0.0996889 0.352274 0.227718
-0.134693 -0.0182738 -0.136219
-0.140315 -0.267062 -0.436004
-0.22133 -0.240184 0.0429482
0.348156 0.380554 0.195361
0.370891 -0.174774 -0.297245
0.364982 -0.324339 0.174086
-0.256808 -0.117179 0.100876
0.385852 -0.38325 0.018877
-0.0979203 -0.230362 0.455047
-0.270134 -0.359066 0.437969
0.266402 0.340632 0.155946
0.146181 -0.107622 0.421503
0.0728567 0.125466 -0.00352836
0.407214 -0.338154 0.118708
-0.043942 -0.044625 0.328233
-0.0271021 -0.426151 0.198025
-0.262733 0.0606167 0.145681
0.292777 -0.0571457 -0.0912225
0.391771 -0.000184447 0.165426
0.374064 -0.154328 0.186722
0.471939 -0.373087 -0.316358
0.221956 -0.150838 -0.0596041
0.2086 -0.218823 0.019433
-0.313693 -0.303673 0.00202052
0.19304 -0.380836 0.152996
0.339023 0.304994 -0.214426
0.120004 -0.411255 -0.0582898
0.181756 -0.00644273 -0.269276
-0.0461604 -0.380591 0.192931
0.201741 0.0660494 -0.0452086
0.498771 0.263856 0.0542637
0.0241534 0.176843 -0.16472
-0.0733654 -0.383443 0.277499
0.20965 -0.257259 0.191445
-0.0444294 -0.444808 0.231541
0.307496 -0.0343341 -0.147624
0.232494 -0.42608 0.258579
0.168244 0.264851 0.396353
0.182383 0.0168127 -0.256674
-0.420532 -0.0578849 0.254226
-0.120593 -0.355837 -0.411563
0.380712 -0.36161 0.149136
0.236994 0.227891 0.080021
-0.0659022 0.0598688 0.326302
0.0949282 0.385259 0.352812
0.187087 0.237496 0.363495
0.0873052 -0.0935087 0.0419054
-0.0884968 0.335891 0.216495
-0.098641 -0.157428 -0.0815102
-0.270719 0.416244 0.374073
-0.177408 -0.199502 -0.446537
-0.183569 0.231463 -0.357314
-0.319444 -0.464754 0.459157
0.491841 -0.2795 -0.29678
-0.329693 -0.247444 0.0359822
-0.260532 -0.281159 -0.289757
0.488053 0.050144 -0.189675
0.287438 0.270382 -0.220127
0.245349 0.369204 0.439322
-0.0253224 0.157534 0.147856
-0.274286 -0.0915812 0.277734
0.292089 0.449908 -0.175423
0.0296644 -0.49122 0.279895
0.136557 0.259194 -0.429762
0.378136 -0.0463721 0.0531053
0.177504 0.156906 0.0482241
-0.143123 -0.0208295 0.415125
-0.0643648 -0.249586 0.315971
-0.106536 -0.257777 -0.497299
0.124539 0.110381 0.0388758
-0.176328 -0.13838 0.133246
0.257832 0.442531 -0.208022
-0.218872 0.190727 0.460386
0.01767 -0.10714 0.201216
-0.133728 0.107413 -0.302007
-0.0437689 0.333094 -0.364391
-0.123765 -0.278483 -0.247406
-0.111198 -0.312918 0.222065
0.475547 -0.328283 -0.0561132
0.145816 0.206355 -0.0619754
0.37955 0.454873 -0.0926267
0.322384 -0.449804 0.336832
-0.305359 -0.244816 -0.199507
0.266538 -0.339837 0.285975
-0.174157 -0.294693 0.441533
-0.203375 -0.369014 -0.286524
0.232439 0.446969 -0.0249496
0.0577867 0.420938 0.241435
-0.450219 -0.0284011 0.205366
0.177352 -0.0334943 0.0428942
0.0889192 -0.204922 0.0379404
0.0843553 -0.12057 -0.117729
0.314285 0.198462 -0.134672
-0.0809342 0.14787 0.150045
0.238282 0.467056 0.48022
0.479432 -0.397255 -0.195904
0.177512 0.0360967 -0.106349
-0.220821 -0.201985 -0.111058
-0.107955 -0.411675 -0.309722
-0.340223 -0.454207 -0.187142
0.336296 -0.299102 -0.0343081
-0.0136591 0.42294 0.258988
0.27917 0.423835 0.104329
-0.142175 0.269698 0.0649587
0.307921 -0.387686 0.315801
-0.0376092 0.30274 0.0435489
0.187418 -0.237289 0.263883
-0.0980413 0.0491223 0.268241
0.262597 0.00688463 -0.232405
0.428206 0.308313 -0.0500826
-0.437998 -0.418024 -0.350153
0.233066 -0.419902 -0.1193
0.456005 0.0811751 -0.414364
0.0802097 0.0643542 -0.403071
0.187507 0.239372 -0.188543
0.179895 -0.310652 0.039343
-0.0284412 -0.308933 -0.133246
-0.0829489 0.184771 0.228702
-0.0581208 -0.0872666 0.35785
0.244914 0.066079 -0.217221
-0.0779783 -0.0713446 -0.335273
0.35933 0.437198 -0.334911
-0.0364779 0.451205 0.405835
0.25411 0.36674 -0.099282
-0.177803 0.264283 -0.319756
-0.225046 0.201298 -0.407752
-0.0871482 0.23685 0.168784
0.451564 -0.202738 0.147477
0.108203 0.136092 -0.207144
0.0360894 -0.232693 -0.346035
0.0223765 -0.177505 0.301147
0.323885 0.193476 -0.0593376
0.233996 0.0620016 -0.202967
-0.13743 -0.271147 -0.290136
-0.196194 0.111748 0.0863326
-0.311252 0.490559 0.311641
-0.0602736 0.238131 -0.400966
0.223894 -0.479603 -0.271657
0.243808 -0.211957 -0.0672271
-0.367341 0.121329 0.422487
0.287865 -0.409205 0.174792
-0.0470897 -0.160616 -0.134459
-0.0594069 0.302132 0.192466
-0.0864236 0.277793 0.371639
0.082174 -0.190804 0.178122
-0.21789 0.344596 0.188303
-0.161619 0.141588 0.439403
-0.123081 0.0415383 0.013872
-0.119222 -0.196465 0.132231
-0.171999 0.350646 0.255253
-0.489931 -0.338801 -0.346768
0.325377 -0.0261729 -0.288468
0.27569 -0.319679 0.0327707
0.290512 0.327644 0.34707
-0.323849 0.148888 0.409279
-0.179091 0.100949 0.0482097
0.28686 0.196723 0.235058
-0.208952 0.185604 0.427484
-0.132175 -0.34174 -0.425667
0.0140449 -0.266292 -0.0736564
-0.478307 -0.226181 0.361019
-0.188117 0.040207 -0.292025
0.409054 0.0289291 -0.201385
0.101772 -0.0595287 0.0850357
-0.433459 -0.177409 -0.0975869
0.336125 -0.370845 -0.121448
0.408303 0.0708375 -0.287329
0.0600861 0.0775206 -0.0315782
-0.142677 0.0376459 -0.0978672
-0.0976861 -0.0803436 0.339986
0.259526 0.494213 0.497873
-0.0894311 -0.084626 -0.0258468
-0.00402275 0.273401 -0.436327
-0.429708 -0.249292 -0.00303644
-0.312988 -0.458448 0.292023
0.263078 0.0503141 -0.255148
0.219013 -0.221115 0.213264
-0.145696 -0.108726 0.0477456
0.282514 -0.00254827 -0.24476
0.45582 0.484844 -0.32605
-0.432405 -0.354304 -0.246387
-0.230389 0.307732 0.402191
-0.0247258 0.363937 0.0334849
-0.00593992 0.191137 0.36252
0.247717 -0.41413 0.188337
0.26271 -0.176386 -0.24619
0.250809 -0.0696243 0.218616
0.475037 -0.125957 -0.167684
0.047935 0.153858 -0.154694
0.31069 0.228991 -0.193845
-0.102177 0.0751964 0.213333
0.240343 0.344291 -0.116767
0.163987 -0.132692 -0.494927
0.356958 -0.328292 0.165574
0.0955545 -0.0752334 0.169134
0.452791 0.0535081 -0.126331
-0.27627 0.302378 0.375735
-0.0820137 -0.147287 -0.139456
-0.0882611 0.114764 0.159624
0.23986 -0.188651 0.226858
0.382849 0.276926 -0.0430827
-0.282699 -0.286071 -0.232682
-0.0492693 -0.240295 0.141922
0.351803 0.316329 0.0889161
-0.240535 -0.268607 -0.410972
0.23526 -0.175344 -0.384714
0.0879314 -0.229017 0.15834
0.315609 -0.342511 0.414009
-0.118582 -0.0459728 -0.0605343
0.177259 -0.0432409 -0.267219
-0.15113 0.49185 0.100861
0.231638 -0.250515 -0.162282
8.48025e-5 -0.109378 -0.409377
0.260408 -0.368721 -0.38987
0.103012 -0.211444 0.00835545
0.216668 -0.389025 -0.163685
0.420249 0.387271 0.193808
0.0803806 -0.35095 0.0414123
-0.0700113 -0.317412 -0.244698
-0.320408 0.270027 0.219658
0.0743554 -0.265453 -0.438772
0.113635 0.0711126 -0.437842
-0.0589105 0.194336 0.0497818
0.305511 0.091054 -0.203551
-0.303561 -0.335479 -0.0228419
-0.157509 -0.348348 0.493426
0.0168673 -0.305446 0.377394
-0.174873 0.166936 -0.0243988
-0.468993 -0.333513 0.270257
0.493174 -0.457021 -0.193547
-0.194412 -0.170695 0.153227
-0.459756 0.310751 0.448199
0.374181 0.49339 0.0372774
0.14762 0.102894 0.17757
0.110082 -0.266502 0.218058
-0.142376 0.356677 -0.028944
-0.408015 -0.145556 -0.151958
-0.0915048 -0.0163648 0.257621
-0.383691 -0.338055 0.147583
0.462927 -0.193139 -0.309319
-0.0808849 0.33735 0.214037
0.0804975 0.136972 -0.176356
0.167715 0.260606 -0.0241404
-0.309253 -0.119432 0.413168
0.0348501 0.352552 -0.0465433
0.328683 0.213274 -0.251444
0.324308 0.0435199 -0.112353
0.0712532 -0.264566 0.25235
0.365553 -0.306336 0.140729
-0.347102 0.0789774 0.447219
0.295351 -0.444643 0.0842625
0.385947 0.153646 0.487962
-0.0812453 -0.305838 -0.373141
-0.0820009 0.291309 -0.0130742
-0.3645 -0.465069 -0.0855132
-0.177388 -0.0362094 0.0496071
0.290938 0.000824407 0.296764
0.498792 -0.255811 -0.281551
-0.201446 -0.330699 0.124498
0.329098 0.192207 0.259626
0.323125 -0.0523268 -0.336355
0.487171 0.383867 0.137857
-0.165278 0.453265 -0.45214
-0.323773 0.141511 0.316742
-0.0048005 -0.329241 -0.32097
0.0846058 0.193845 -0.410244
0.159596 0.346114 0.330531
0.0616827 -0.121189 0.325624
0.33583 -0.0894167 0.0552491
-0.0577054 0.280996 0.0124769
-0.26953 -0.2923 0.401938
0.267008 -0.0629653 -0.36578
-0.35573 0.0292577 0.437872
-0.22322 -0.303864 -0.0991801
-0.0589907 0.293917 0.0926289
0.0876147 0.156339 0.269621
-0.29756 -0.0770706 -0.0939134
0.48872 0.0684252 -0.351254
0.47087 0.17143 -0.469766
0.442457 0.414306 0.393081
0.217272 0.459484 0.124448
0.396404 0.269843 -0.104839
0.124125 -0.481422 0.0278393
-0.0369809 -0.102969 0.120102
0.18283 -0.350419 0.0249345
0.412757 0.073674 0.126561
0.164597 0.215669 -0.130092
-0.275421 -0.0606209 0.293859
-0.0714501 -0.333482 -0.481795
0.284983 0.290455 -0.108072
0.0031126 -0.216512 -0.497197
0.197261 0.23152 0.193391
0.339833 0.425008 -0.25985
-0.202483 0.295467 0.345565
-0.0815872 0.0407469 0.0119839
-0.0616609 0.242768 0.128793
0.0936676 0.381251 0.273886
-0.0217141 0.262174 0.269537
0.314213 0.327706 0.0801301
-0.339154 -0.195779 0.072865
-0.295397 0.370389 -0.429981
0.0174308 0.131287 -0.0382531
0.131505 0.132611 -0.349239
-0.0406417 -0.143219 0.00270127
-0.156988 0.359276 0.233283
0.178397 -0.0974651 0.154302
0.384288 0.435822 -0.273634
0.313483 0.00512424 -0.274418
0.0152881 0.244259 0.0107596
-0.0114827 -0.015225 -0.0127447
0.1736 -0.0871358 -0.227881
0.32234 0.0376599 -0.119421
-0.222235 0.338892 -0.323968
0.231985 -0.413146 -0.169955
-0.132056 -0.297659 0.435052
0.436826 -0.0759802 -0.168396
0.232796 0.338601 -0.388668
-0.138517 0.176195 -0.413152
0.209931 -0.400419 0.0766538
-0.151559 0.0179868 -0.416568
0.222729 0.392535 0.332461
0.161214 -0.0750817 0.487439
0.219609 -0.408253 0.0967492
0.219954 0.40968 0.298409
0.184217 0.408012 0.407722
-0.09856 -0.149464 0.123744
-0.0770606 -0.0632429 -0.228084
-0.1139 -0.4504 0.0423674
-0.18949 -0.364787 0.11366
0.299703 -0.316603 0.209518
-0.350399 -0.156245 -0.406211
0.308104 -0.194638 -0.245413
-0.160485 0.481289 0.0289446
-0.275085 0.375591 -0.42529
0.260608 0.0218452 -0.121599
-0.180397 0.232558 0.07724
-0.2631 0.348672 -0.389008
-0.202684 0.0325325 -0.258929
0.366494 -0.473713 0.357152
0.296845 0.336952 0.390872
0.0201776 0.375427 0.102351
-0.405694 -0.124686 0.0299981
0.155971 0.499799 0.262727
0.188552 -0.186348 -0.411713
-0.0402298 -0.180415 -0.129781
0.141754 -0.131106 -0.403905
-0.0513033 -0.180472 0.241739
-0.116397 0.418216 0.094933
-0.0756455 0.469149 -0.478248
0.417768 0.284049 -0.475778
-0.250347 -0.434023 0.18567
-0.38589 -0.358369 -0.349162
0.465201 0.0320369 -0.489166
-0.0573226 0.0879419 -0.105239
0.490279 0.164218 0.275126
-0.128546 0.115311 -0.327995
-0.0923485 0.301032 0.13165
-0.0800917 -0.244021 0.0126972
0.23247 0.387632 -0.222931
-0.136431 0.224895 -0.0607135
0.123118 -0.161103 -0.349536
-0.14473 -0.163088 0.10293
-0.044943 -0.159951 0.280723
-0.450189 -0.359502 0.439715
0.317765 0.0997483 -0.267362
0.112184 -0.204946 -0.133712
-0.0513244 -0.191024 -0.0983236
0.401305 -0.329439 -0.105034
-0.347284 -0.311504 -0.3066
0.036212 -0.114553 -0.0453541
0.280482 0.487232 -0.429776
0.492575 0.0655554 -0.0616736
0.16809 -0.0422676 -0.321155
0.389224 0.10985 0.335898
0.0629704 -0.0638614 0.294702
-0.155276 -0.41571 -0.37478
0.156799 -0.151245 -0.44471
-0.234124 0.441256 0.438219
0.249833 -0.495015 0.280302
-0.198834 -0.42611 -0.357845
-0.415892 -0.101967 -0.103604
-0.106996 -0.264535 -0.393196
0.30816 0.0583461 -0.210357
0.127067 0.149615 0.208873
0.301843 -0.0840805 -0.00856108
0.39328 0.281554 -0.343833
-0.174131 0.098334 0.0132814
0.216878 0.290885 0.194868
-0.190244 0.153894 -0.0224754
-0.031459 0.311307 0.168402
0.312201 0.11284 0.15009
0.160116 0.270922 -0.384225
-0.248334 0.00326045 -0.17144
-0.328519 -0.257242 -0.14455
-0.173932 0.382445 0.288941
0.445224 -0.446481 0.153328
0.170323 -0.454469 0.0771284
-0.0723804 0.343125 -0.14901
-0.327453 -0.409199 -0.210835
-0.346837 -0.404763 -0.429308
0.377963 0.113459 -0.429316
0.459504 -0.199087 0.336497
-0.428523 -0.39715 0.436129
0.49537 0.115043 -0.028674
0.249143 0.385478 -0.0707238
-0.108638 -0.0585106 -0.295714
0.254795 0.339531 -0.21767
0.204465 -0.0248057 -0.218049
-0.221603 -0.0631827 0.0465262
0.0225867 0.381853 0.171714
-0.148429 0.371654 -0.114476
-0.222889 0.090386 0.486487
-0.261627 -0.388874 -0.200717
-0.232444 -0.0848318 -0.0181717
0.181077 -0.333778 -0.0348373
0.30023 -0.39741 -0.437314
0.303509 -0.0138225 0.139749
-0.049973 0.370508 -0.133407
0.156482 0.410498 0.352816
-0.0816309 0.130739 0.144575
0.0412891 0.271557 0.128614
0.183597 0.0806629 -0.0568161
0.145055 -0.332744 -0.394121
-0.242111 0.222591 0.204986
0.328353 -0.138391 -0.147277
-0.369702 -0.416169 -0.185963
-0.265189 -0.411286 -0.238815
0.24965 -0.109993 -0.109898
-0.248592 -0.175197 0.173144
-0.404436 -0.0758767 0.254628
-0.0161958 0.157284 -0.13556
0.287356 0.0105015 -0.1543
-0.24864 0.37579 -0.262282
0.0889628 0.348576 0.409958
0.0232046 0.292652 -0.416461
-0.121261 0.227925 0.323594
0.0677637 0.260227 0.0873737
0.427993 -0.299705 -0.246955
0.299979 -0.249699 -0.115239
0.191661 -0.118944 0.10789
0.445325 -0.0894701 -0.118482
-0.454557 0.305291 -0.433708
-0.154678 0.303296 -0.0217398
0.375645 -0.440114 -0.108747
-0.035866 -0.0517182 0.047467
0.0494514 0.412052 0.147145
-0.229592 -0.22851 -0.181886
0.186142 0.316021 0.296224
-0.2187 0.497004 -0.426988
-0.403763 -0.414138 -0.171565
0.36247 -0.305276 0.0963971
0.212388 -0.251457 -0.050218
0.078732 -0.413634 0.253441
-0.234429 -0.0334244 0.436845
0.1247 -0.44347 -0.227836
0.0120189 0.178218 -0.187533
-0.0648483 -0.0334934 -0.355685
0.169689 0.356816 0.129934
0.281418 0.165106 -0.399998
0.152143 0.318144 -0.257018
0.307732 -0.277918 -0.47202
-0.318663 -0.349803 -0.354921
0.264816 -0.411782 -0.105804
0.156583 0.0274489 -0.279787
-0.364654 -0.446562 -0.112679
-0.402596 0.305585 0.126736
0.452451 -0.00948253 -0.292093
-0.393972 -0.237126 0.132844
-0.0330936 0.255073 -0.357277
-0.0363873 0.471151 0.242569
0.288633 -0.00432697 -0.366497
0.0425138 -0.242193 0.399731
0.450309 0.419302 -0.155506
-0.286836 -0.179705 0.308968
0.398094 0.0583254 -0.283253
0.469818 0.424243 0.245907
-0.182142 0.472735 0.428748
0.0151447 -0.273848 -0.140386
0.054865 0.0607845 -0.0147439
-0.216404 -0.347123 -0.0119423
0.336987 0.156226 -0.0929497
-0.410157 -0.240118 -0.372411
0.388808 -0.0722935 -0.0564176
0.023049 -0.489092 0.169308
-0.175596 -0.188714 0.0808585
0.0668465 -0.490764 -0.354512
-0.14986 0.088939 0.209944
-0.282505 0.381976 0.179433
0.199523 -0.0967498 0.188952
-0.315951 -0.422796 -0.15387
-0.235137 0.031808 -0.317222
-0.361348 0.245055 0.270067
0.0981192 -0.274014 0.0130834
0.136388 0.449954 -0.161406
-0.384573 -0.0463703 0.209265
-0.464275 -0.351542 -0.0614305
-0.135843 -0.0453834 -0.039073
0.168051 -0.156505 -0.425986
-0.293995 0.0603132 -0.398596
0.469776 0.0442958 0.195471
-0.292421 -0.150874 -0.0691472
-0.322223 0.384606 0.0450864
0.144152 -0.127342 -0.00800066
-0.0786661 0.0767142 -0.496378
0.0135223 -0.209343 -0.370364
0.276661 0.282079 -0.265161
0.0825239 -0.219539 0.187372
-0.170477 0.0484869 -0.4118
-0.313397 0.181273 -0.35001
0.439138 0.439885 0.150691
-0.396808 -0.243492 0.17992
0.157515 0.4584 0.244222
0.27211 0.165254 -0.427902
-0.0862244 -0.419759 -0.346925
-0.155474 0.299899 -0.0169879
0.107182 0.262322 -0.163318
0.0831627 0.216666 -0.184148
0.0671179 0.342169 0.426621
0.36509 0.289882 -0.33783
-0.213511 -0.109656 -0.144405
-0.388357 -0.23604 0.0746245
-0.083114 0.496206 0.426762
-0.147128 0.429746 -0.152454
0.336524 -0.305081 -0.488513
0.207131 0.185282 -0.242668
0.0607015 -0.39063 -0.150765
-0.264407 -0.00820945 0.082659
0.429201 0.235832 -0.0008066
-0.267914 -0.290923 -0.385258
0.193512 -0.192129 -0.479115
0.344205 0.268156 0.0766594
-0.0282641 0.324393 -0.371941
0.491108 0.381017 0.141736
-0.0917398 0.438026 -0.486452
0.000856638 -0.107674 -0.0157677
-0.233378 -0.202398 -0.225188
-0.434595 -0.36697 -0.349659
-0.0283623 0.0593829 -0.312088
0.402274 0.104137 -0.260007
0.118813 0.246555 -0.422763
-0.175605 0.218079 -0.00454342
0.499391 0.452407 -0.369733
0.279754 0.0687793 0.0112704
-0.209289 -0.155765 -0.0320187
-0.326778 0.0730603 -0.421688
-0.0543626 0.318405 0.330967
-0.196381 -0.0760191 -0.446958
0.30469 -0.422652 -0.153219
0.419014 0.350924 -0.162694
0.387833 -0.307877 0.173082
0.0457083 0.210734 -0.307225
-0.104447 0.498577 0.232782
0.333467 0.470052 0.110765
0.100494 -0.194981 -0.039731
0.431949 0.00978521 -0.0252955
0.191835 0.422822 0.404218
-0.26808 0.202326 0.0675085
-0.218937 -0.490851 0.149235
-0.238213 -0.0246555 -0.0828184
-0.0555446 -0.201741 -0.471683
-0.0287765 0.0873261 -0.0592889
-0.338982 -0.287832 0.48173
-0.0223421 0.416542 0.189906
-0.449611 -0.435131 0.287779
0.164627 0.304035 -0.218489
0.330157 -0.182743 -0.185043
-0.294349 0.321386 -0.108338
-0.366641 -0.173436 -0.026411
-0.352634 -0.440684 -0.0645509
-0.126472 0.40049 -0.395714
-0.175916 -0.0122419 0.347079
-0.0603871 0.185506 0.414453
0.0997025 0.335125 -0.37725
-0.232257 -0.105227 -0.320658
-0.185094 0.466237 0.298745
-0.073612 -0.449031 -0.40741
0.184839 -0.219369 0.0792223
-0.317384 -0.22064 -0.0280296
0.127032 -0.402983 -0.177588
-0.365967 -0.30059 -0.300301
0.253244 -0.344747 0.159765
0.374828 0.086755 -0.279649
0.121898 0.218549 -0.241445
0.273414 0.245332 -0.055567
-0.35038 -0.241003 0.499678
0.0831455 -0.33121 0.0577201
-0.287282 -0.458746 -0.392471
-0.14072 0.269726 -0.324691
0.477582 0.123001 -0.35888
-0.13982 0.384583 -0.0118204
-0.131092 0.315326 0.234652
0.137785 0.409909 -0.316286
-0.168832 0.239551 -0.385633
0.0140579 -0.0585334 0.246188
-0.222904 0.0166761 0.154644
0.295313 0.491111 0.252295
-0.0776143 -0.139592 -0.243228
0.468684 -0.112507 -0.0887651
-0.146304 0.405219 0.247824
0.125517 0.296997 0.108005
0.215403 0.101001 -0.292787
-0.192532 -0.234139 -0.18783
-0.065718 0.105562 -0.31312
-0.306478 0.330033 0.196704
-0.112709 -0.0721066 -0.0300665
-0.222767 -0.0922832 -0.375446
0.0900134 0.435534 -0.204207
-0.224319 -0.12647 0.00750969
-0.225188 0.291095 -0.0419207
-0.176336 -0.250556 0.139767
0.0275629 0.451697 0.328487
0.0507955 -0.290321 -0.462685
-0.122274 0.0383946 -0.227709
0.469613 -0.122948 -0.435005
0.235112 0.381644 0.111784
-0.0536183 0.110109 -0.100273
-0.288571 -0.30008 -0.17134
0.149214 0.168095 0.181762
-0.0237041 -0.113867 0.0735127
-0.159568 0.203986 0.0724836
0.0604823 0.235398 -0.254544
0.204462 0.173552 -0.104645
-0.335289 -0.269769 -0.185583
-0.133415 0.0446721 0.145606
-0.0613706 0.0715838 -0.167672
0.455758 -0.317367 -0.203827
0.327645 0.0107636 -0.353867
-0.239589 0.286959 -0.0661597
-0.140499 -0.289209 -0.309992
0.0670595 -0.404596 -0.325781
0.213672 0.0407377 -0.366768
-0.265242 -0.0684125 -0.25774
0.484859 -0.325077 -0.0253175
0.336808 0.478205 -0.380031
-0.333553 0.490591 0.325689
0.301323 -0.287854 0.311005
-0.47637 0.385523 0.167843
-0.204549 0.244706 0.2355
-0.25302 0.0479076 -0.0278867
-0.14353 -0.0563212 -0.0156295
0.467088 0.302743 -0.178831
0.447477 0.173668 0.284663
-0.170881 -0.276429 0.116123
-0.288239 0.26208 0.249114
0.070627 -0.0583687 0.288773
0.313038 0.357547 -0.186899
0.370551 0.0254039 0.00866748
0.0511077 0.260124 -0.299751
-0.239881 0.174984 -0.448326
0.0606012 -0.158798 -0.125651
0.0384128 -0.303409 -0.400561
0.420755 0.286204 -0.12587
0.0883373 0.189473 -0.425381
-0.388264 0.415953 0.194609
-0.0522492 -0.403858 -0.402694
-0.387187 0.313596 0.10823
0.428237 -0.220688 -0.392652
0.0487972 -0.0974401 -0.0987242
-0.270178 -0.217021 -0.328244
-0.0450906 0.360199 -0.353634
-0.288629 -0.143661 0.145197
0.148412 -0.128884 -0.451857
0.174183 0.411276 0.390475
-0.0797751 0.228956 0.314278
0.0315174 -0.336095 -0.425601
-0.308606 0.196733 -0.399485
-0.410549 -0.268698 0.411425
-0.446198 -0.0777951 0.304668
-0.411206 -0.140872 -0.347404
-0.314861 -0.492999 -0.329636
0.0339543 -0.284538 0.122445
-0.423377 -0.383489 -0.439523
0.431739 -0.28431 0.112506
-0.336308 -0.255882 -0.412319
-0.105457 0.299467 0.327329
-0.289942 0.265292 -0.484903
-0.127559 -0.165655 -0.358966
0.0454999 -0.209351 -0.441278
-0.102745 0.178196 -0.468576
-0.307414 -0.442043 -0.335438
0.11758 0.466057 -0.260661
0.0787868 0.358179 -0.131065
0.207437 0.293844 -0.313798
0.452335 -0.0924437 0.130902
-0.0470661 0.0543685 -0.312378
-0.229906 -0.163562 -0.0103663
0.361162 -0.248213 0.0592878
-0.110695 -0.0977774 0.476839
0.0167586 -0.372334 -0.158636
-0.291971 0.443506 0.199649
-0.389408 -0.0554212 0.143475
-0.406683 0.0449967 -0.406825
0.04322 0.0779089 -0.203246
-0.160327 0.0062239 0.143716
0.314041 -0.239522 -0.303966
-0.214254 0.205412 -0.290074
-0.140148 0.116864 -0.288921
-0.0089682 -0.181863 0.176076
0.368559 -0.176508 0.346344
-0.108347 -0.306931 -0.406676
-0.335618 0.403371 -0.00577509
-0.357641 -0.324243 0.0123855
-0.248065 -0.435249 -0.21531
-0.00460035 0.100946 -0.0628495
-0.424345 -0.186693 -0.101394
-0.0429315 0.20913 -0.20649
-0.429092 -0.216485 0.117202
-0.262875 0.470963 -0.329856
0.222868 0.0849604 -0.435182
-0.183777 -0.0481782 -0.234206
0.372183 0.124799 -0.0668601
-0.466812 0.38216 0.138839
0.34026 0.134717 0.0417256
-0.209154 0.0341265 -0.369587
-0.329187 -0.149124 0.228469
0.465492 0.390748 -0.250821
0.405455 0.241766 -0.480915
-0.488701 -0.0458665 0.185657
0.182738 0.190074 -0.0345938
-0.229828 -0.40723 -0.254396
-0.370684 -0.323571 -0.371763
0.0322648 0.35741 -0.15618
0.183651 -0.293195 0.340495
-0.131388 0.455252 -0.0758451
0.0275568 0.0660119 -0.335415
-0.178255 -0.281165 -0.197086
0.220532 -0.0406189 -0.0295065
0.342675 0.127294 -0.38162
-0.174828 0.236149 -0.00430532
-0.132783 -0.375401 -0.409745
-0.389658 0.397367 0.39504
0.353216 0.408901 0.444351
-0.318908 0.205116 -0.318932
-0.419618 -0.299351 -0.0507151
-0.135839 -0.186359 -0.162383
0.107395 -0.286848 -0.47923
0.451806 0.121151 -0.377728
0.465102 -0.367847 0.0271656
-0.029455 -0.0373214 -0.125211
0.199633 0.0646909 -0.462369
-0.1818 0.221523 -0.0515853
0.341861 0.454386 -0.050754
0.18518 -0.30812 0.159698
-0.215287 0.298202 0.167269
-0.0796686 0.0979707 -0.0036028
-0.143482 -0.394892 -0.187445
-0.246148 0.348667 0.123321
-0.297265 0.33785 0.0650291
-0.164335 0.270708 0.323985
-0.0660713 0.340525 -0.120324
0.38548 0.381717 -0.32945
0.0414028 0.355033 0.0245421
0.418496 -0.0423049 0.34608
-0.168518 -0.102718 -0.114573
-0.394004 0.0334095 -0.235704
0.263083 -0.114349 -0.356916
-0.310404 0.411196 0.163546
0.468506 0.174056 -0.357811
-0.425863 0.00616802 0.488792
0.237008 0.233115 -0.355554
0.364186 0.4315 0.0258652
0.0923633 0.0476618 -0.199388
-0.340827 0.151233 0.0288953
-0.442019 0.20046 0.140823
0.309643 -0.322253 0.011504
-0.238153 0.367485 -0.162727
0.128998 0.429408 -0.267042
-0.0817161 -0.190161 -0.43038
-0.345295 -0.308528 -0.218493
0.423666 0.0695889 0.0566969
-0.351272 0.231696 0.0908086
-0.414883 -0.156307 0.48875
0.173339 0.24329 -0.16597
-0.120077 -0.126866 -0.387137
-0.188643 0.441206 -0.0132029
0.248222 0.0328377 -0.349007
-0.252111 0.090034 -0.0245268
-0.409807 0.146342 -0.0351399
-0.0672511 0.374039 -0.277266
-0.189396 0.192147 -0.0610072
-0.291035 -0.123046 0.415968
0.468477 0.490723 -0.368565
0.258487 0.28798 -0.283968
-0.0693898 0.265805 -0.344594
0.354294 -0.127842 -0.149282
0.087912 -0.268796 0.128025
-0.186853 0.292388 -0.285984
-0.393019 -0.153642 0.00219201
-0.178242 0.357048 -0.0130257
0.388236 0.317765 0.255795
0.227506 0.491107 -0.202776
-0.453163 0.305146 0.0497011
-0.0897223 0.170754 -0.178914
-0.436945 0.239165 0.109356
0.343977 -0.217767 -0.14861
-0.283474 0.243753 0.11573
-0.0630213 -0.149855 -0.255608
-0.108784 -0.0251566 -0.0866014
-0.0622792 -0.291841 -0.480914
-0.162507 0.306993 -0.424085
0.00450904 0.0713026 -0.0906644
0.474933 0.391771 -0.418796
-0.162835 -0.4794 -0.188576
-0.325028 -0.135978 -0.489964
0.412846 -0.453721 0.344709
-0.059611 -0.435097 0.23906
-0.324575 -0.247425 -0.435163
-0.0130437 -0.19279 -0.456899
-0.40614 -0.258437 -0.335809
0.0873209 -0.201664 0.301399
-0.169002 0.0577725 -0.280491
0.126992 0.465478 0.0580968
-0.466497 0.322499 0.105974
0.414089 0.294494 0.0741687
-0.0354918 0.376517 -0.202702
-0.452319 0.43798 0.360521
0.0047473 -0.49447 -0.0125161
-0.141651 0.220633 0.358519
-0.160739 0.134799 0.132678
-0.373639 -0.0497076 0.00289669
0.431567 0.21769 0.190766
0.121773 0.368879 0.0889322
-0.198497 -0.279871 -0.31623
0.0128063 0.315186 0.122101
0.405432 -0.147304 -0.41874
-0.175367 0.306577 -0.452759
-0.282169 0.311629 -0.463349
0.190616 0.360399 -0.1205
-0.161522 -0.433056 -0.361892
-0.0416941 0.199023 -0.35657
-0.168154 0.185058 -0.08816
-0.126569 0.442213 -0.129773
-0.155744 -0.460565 -0.411804
0.0176279 0.388696 -0.254921
0.109716 0.444458 -0.0455237
0.302983 -0.343637 -0.0823041
0.0317641 0.21231 -0.460657
-0.357107 -0.155971 -0.337317
-0.288779 0.174347 0.00908411
0.062187 0.386308 0.145117
-0.252598 -0.282904 0.0820441
-0.210701 0.204707 -0.384162
0.165676 0.234615 -0.323284
-0.366892 0.45763 -0.472073
-0.131741 0.168859 -0.4818
-0.193811 0.484834 -0.0632707
0.149045 0.31852 -0.311355
0.46069 0.34464 -0.387576
-0.330857 -0.0294886 -0.438702
-0.282352 0.293613 -0.479789
0.0547685 0.493115 -0.150154
-0.144686 0.363769 -0.436856
0.156836 0.294788 0.0176015
-0.0119075 -0.401476 -0.169292
-0.406084 0.104096 -0.348485
0.269528 -0.259215 0.00226281
0.15214 0.305784 -0.359075
-0.283314 -0.45146 -0.051957
-0.20404 0.322365 0.0217553
-0.214634 -0.116343 -0.132748
-0.211112 0.26533 -0.27709
-0.0432891 -0.0166002 -0.0165471
0.391699 0.0515968 -0.130978
0.361087 0.469108 -0.383173
-0.337217 0.201378 -0.182745
-0.269238 0.169059 -0.435986
-0.105028 0.308212 -0.31731
-0.259176 -0.332259 0.420364
-0.351896 -0.12597 -0.404657
-0.309992 -0.268379 -0.49734
0.402115 0.100901 -0.0882012
-0.348628 0.1779 -0.10181
0.329714 -0.0986071 -0.182235
-0.248244 -0.249413 -0.317541
-0.375085 -0.0570909 0.223329
0.045955 0.00181825 -0.0130944
0.489372 0.21965 -0.0312089
-0.24493 0.489513 -0.0791199
-0.0076902 -0.409087 0.210642
0.0060652 0.302112 -0.490736
-0.155178 0.0161547 0.238948
-0.089331 0.449197 0.0311427
-0.233453 0.407145 -0.241732
0.202932 -0.292601 -0.41886
0.0730586 0.069746 0.0667455
-0.241104 0.432703 -0.0368587
-0.480684 -0.0401812 -0.401739
-0.0527492 0.309276 -0.187323
-0.416142 -0.394807 0.0720301
-0.14911 0.373971 -0.0459843
-0.229707 -0.204312 0.415011
0.0574696 0.478295 -0.100797
-0.303164 0.387425 0.0828993
-0.0375575 -0.30376 -0.348972
0.111161 0.436409 -0.00497521
-0.343673 -0.120153 -0.129486
0.322382 0.19046 -0.205072
0.0329603 -0.104977 -0.344649
-0.00187103 -0.238828 -0.115291
0.401197 0.182027 -0.0502906
-0.21434 0.1098 0.0867379
0.363272 0.047635 -0.457936
-0.146259 -0.0957227 -0.380402
0.27892 0.347213 0.101146
-0.0681833 0.384374 -0.11326
0.423462 0.176102 -0.289695
0.114714 -0.425963 0.0384394
-0.220128 0.0768127 -0.379204
0.132893 0.44041 -0.0505258
-0.274824 -0.485503 -0.14625
-0.450089 0.426181 -0.0156347
-0.233049 -0.474331 -0.290868
-0.111465 -0.0130047 -0.0768525
-0.216405 0.206653 0.11482
-0.260337 -0.446223 -0.327226
-0.223057 -0.276466 0.324135
0.0322269 0.237625 0.106006
-0.266327 0.426679 -0.454672
0.198813 -0.471285 0.086605
0.241652 0.489333 -0.331386
0.460038 0.497669 0.00329213
-0.162448 0.0532956 -0.195048
-0.230566 0.224507 -0.305939
0.1812 -0.34027 0.148864
-0.0101385 0.228426 0.0079317
0.343646 0.384998 -0.283207
0.176934 0.377277 -0.249112
-0.0038122 0.331891 -0.438737
-0.0435015 0.393773 -0.0400532
-0.178601 -0.0154976 -0.266375
0.447896 0.297816 0.0837208
-0.180921 -0.398682 -0.369316
-0.406717 0.305148 0.249154
0.156754 0.0706474 0.498168
0.0630711 -0.20777 0.186768
-0.0851061 0.338996 -0.240128
0.101938 -0.204176 0.00794338
0.36591 0.262334 -0.362997
-0.462711 -0.183094 0.139554
0.12319 0.473556 -0.194246
-0.33835 0.375114 0.39073
-0.201432 0.369228 0.27784
0.362688 -0.256759 0.179523
-0.155312 0.0460388 -0.439063
0.206505 0.421948 -0.0722598
-0.287184 0.221094 0.239832
-0.380554 -0.178475 -0.382774
0.261992 0.417187 -0.152391
-0.0128449 0.179504 -0.494743
-0.295779 -0.428668 0.23134
0.405507 -0.0588586 -0.205886
0.133743 0.41576 -0.164859
0.461573 0.149788 -0.116206
0.100208 -0.405755 -0.181501
-0.151435 0.359842 0.0219015
-0.220622 0.433985 -0.210482
-0.454674 -0.150122 -0.332753
-0.269674 -0.39415 -0.498758
0.232389 0.378868 0.0704522
0.305207 -0.320518 -0.266473
-0.315679 0.194824 -0.0379721
0.410261 0.425366 0.138099
-0.106035 0.313573 -0.0404693
-0.306958 0.375452 -0.013492
-0.144658 0.00603566 -0.277497
0.494674 0.399143 0.490362
-0.0265971 0.418628 0.28485
-0.444008 -0.435518 -0.34939
0.300335 -0.487765 0.0972134
-0.0454717 0.424784 0.122569
-0.211351 0.231797 -0.421961
-0.242536 0.0998855 0.0302523
-0.479421 0.281836 0.117336
-0.405706 -0.386928 -0.330412
-0.423233 -0.46175 -0.0609472
-0.298 0.0232384 -0.344193
0.255549 -0.272166 -0.132815
0.333404 0.155817 0.225829
-0.215642 0.222257 -0.423824
-0.0785057 0.0349746 0.24327
0.413593 0.231234 0.0893163
-0.329371 -0.354935 -0.114505
0.0207769 0.475225 -0.204233
0.453047 -0.124694 -0.42053
0.0769232 -0.0827004 -0.133491
-0.0799742 0.435117 -0.479485
0.275856 0.226899 0.134963
-0.338944 -0.0423972 0.486639
0.231783 0.115895 -0.492617
-0.369147 -0.0626497 0.0149154
0.244532 -0.139585 0.388084
-0.149359 0.485834 -0.4777
0.0952671 0.00100528 -0.499272
0.00994341 -0.264441 -0.334583
0.0370758 -0.303657 0.14932
-0.208195 -0.119255 0.197848
-0.413377 -0.135733 0.337897
-0.388772 -0.261512 0.208744
-0.0362478 0.333137 -0.233108
-0.469854 -0.343754 -0.103187
-0.16644 -0.48983 -0.215846
-0.080985 0.276129 0.201963
-0.373174 -0.0387982 0.155574
0.206586 0.101629 -0.460977
-0.237708 -0.0791328 0.0329855
-0.1077 0.0881644 0.378003
0.48974 -0.238519 -0.447981
0.01693 0.410025 -0.135749
-0.359852 -0.17738 -0.442499
-0.213558 0.442879 0.0500333
0.367229 -0.337465 0.394224
0.03953 0.487735 -0.278803
-0.213556 0.139228 0.286068
0.204668 0.434662 -0.481425
0.250693 -0.163341 -0.0445501
0.486766 -0.192419 0.362319
0.290956 -0.444206 0.118712
-0.0472845 0.379548 -0.392907
-0.321741 0.402585 0.200535
0.154034 0.286626 -0.206343
-0.248297 0.401998 -0.373519
0.419019 0.0719485 0.145553
-0.0168065 -0.299345 -0.317247
-0.286604 0.131892 0.38075
-0.0240074 0.124979 -0.409649
-0.265932 0.264951 -0.106045
0.386001 0.362035 -0.321673
0.10701 -0.142941 0.0866353
-0.0569221 -0.327752 0.034064
-0.281878 0.292977 0.203328
-0.202014 0.319344 -0.247719
0.382738 0.116188 -0.314909
-0.339158 0.137919 -0.278777
-0.175161 0.251498 -0.457109
0.416437 -0.238889 -0.187522
-0.322808 -0.0717121 -0.305717
0.377969 0.131864 0.0176908
-0.413086 -0.468647 0.364944
0.0678045 0.376507 0.286866
-0.388194 -0.129504 -0.380334
0.479626 -0.0842773 0.0546458
-0.294669 -0.414378 -0.110896
0.036576 -0.108423 -0.379234
-0.293573 0.00771721 -0.426901
-0.133037 -0.295356 -0.441268
0.0895665 0.169129 -0.398408
0.495407 0.33757 0.364682
-0.296516 0.282252 -0.408006
-0.259141 -0.0880077 0.215226
-0.38621 0.305114 -0.421375
0.145759 0.129481 -0.0102054
0.273395 -0.309446 0.366586
-0.349 0.245252 0.415973
0.0134136 0.440949 -0.404401
-0.058285 0.355683 -0.116297
0.195586 -0.3051 0.141763
0.331934 -0.154991 0.266338
0.408092 -0.187712 0.377811
-0.330543 -0.364294 -0.126693
0.158415 -0.0265012 -0.297913
-0.154059 0.0515121 -0.425659
0.1415 0.188466 -0.29242
0.0713072 0.236802 0.0521408
-0.271784 -0.0768922 -0.276307
-0.290341 0.308342 -0.382943
0.347413 0.309427 -0.356657
0.0171007 -0.240968 -0.274859
-0.244158 0.156634 -0.25778
-0.124906 -0.0550922 -0.0820937
0.165271 -0.105434 -0.187237
-0.421311 -0.10341 0.436009
-0.34657 -0.328922 -0.221152
-0.426292 0.169967 0.325134
-0.209736 -0.00662373 -0.112357
-0.26143 0.217785 -0.066337
0.0612549 0.231694 -0.0388399
0.184301 -0.220593 0.0682569
0.456377 -0.247245 -0.356125
-0.128609 -0.0293223 -0.403416
-0.29964 -0.421578 0.27599
-0.177661 -0.219214 -0.102952
0.448862 -0.199137 0.408735
0.245651 0.0506496 -0.359125
-0.173807 0.172464 -0.121863
-0.471141 -0.236415 -0.35139
0.216734 0.177217 -0.456247
-0.256115 0.491203 0.480406
0.485803 0.488942 -0.348014
0.251021 -0.207456 -0.17274
-0.179983 0.251798 -0.233572
0.0731198 -0.0423073 0.279851
0.296596 0.44674 -0.161545
-0.0447135 0.201492 -0.0895145
-0.276253 0.282211 -0.390259
-0.288556 -0.365979 -0.440226
-0.438562 0.079032 -0.0803633
-0.385929 0.0659927 0.241457
-0.219376 -0.46571 -0.330782
-0.253634 0.115703 0.0755662
0.0633295 -0.329345 0.0210168
0.290757 0.418989 -0.234222
-0.390309 -0.29742 -0.445232
-0.406647 0.137773 0.432108
-0.00287431 -0.402499 -0.437854
-0.193905 0.12705 0.376534
-0.0351156 0.459633 -0.445228
0.107255 -0.0354296 -0.452726
-0.32783 -0.215697 -0.478631
-0.103547 0.280887 0.174742
0.375568 0.257862 -0.286599
-0.222578 0.493157 0.0221499
-0.198698 -0.471567 0.13306
-0.376518 0.418532 -0.435226
-0.0757629 -0.211849 -0.473601
-0.160548 0.263434 -0.40153
0.177657 0.11516 -0.201924
0.127559 -0.249398 -0.115424
0.353508 -0.28987 0.28345
-0.422716 0.299435 0.115589
-0.442437 0.158637 -0.466624
-0.0272159 -0.0473564 -0.274299
0.217983 0.359918 -0.0679325
-0.454596 0.0868975 0.381228
-0.220619 0.206667 -0.242465
-0.191902 0.192933 0.00214878
0.0997363 -0.292758 0.00201429
0.197055 0.421587 -0.208248
-0.499323 0.179443 0.376022
-0.335639 0.11454 0.0858509
-0.332215 -0.356725 -0.122523
0.337225 0.214402 0.4211
-0.288254 0.00249453 -0.212762
-0.336781 -0.24915 -0.240329
-0.44591 -0.376162 -0.078558
-0.370837 -0.121775 -0.423071
-0.459491 -0.354287 0.308234
-0.277071 -0.353686 -0.400814
-0.322949 0.324135 -0.268073
-0.362032 -0.309839 -0.251387
0.116804 0.128967 -0.468463
0.0564985 -0.099433 -0.037398
0.0793592 -0.260201 0.13766
0.386899 -0.192445 0.288895
-0.4529 0.0137311 0.498289
0.306591 0.288809 0.0726756
-0.0564614 -0.142246 -0.313948
-0.130758 0.377282 -0.179898
0.292899 0.33875 -0.435925
-0.254525 -0.182714 -0.333409
-0.403999 -0.095684 0.241883
0.17125 0.463885 -0.419766
0.269865 0.454906 -0.142371
-0.167484 0.315573 -0.401929
0.0482524 0.0736192 0.0934649
-0.16277 0.428418 0.400626
-0.319151 -0.244421 -0.420445
-0.416649 0.276877 -0.42303
0.361604 0.263317 -0.198455
-0.304814 0.235135 0.0711138
0.432561 0.342159 -0.0793603
-0.473348 -0.148058 0.282369
-0.189884 0.447675 -0.483398
-0.217443 0.242596 0.0896767
-0.486517 0.14033 -0.229503
-0.253818 0.317886 -0.231282
-0.00103104 -0.194137 -0.0305413
-0.168754 0.0495617 -0.279155
-0.367232 0.415674 -0.190133
-0.0352138 0.474924 -0.426873
-0.12825 0.134315 -0.295747
-0.312592 -0.234998 -0.421214
-0.358755 0.305917 -0.26826
-0.437569 -0.0481414 -0.127641
-0.0336008 -0.390479 -0.324514
0.185377 -0.274781 -0.234898
0.37908 0.205933 -0.242803
-0.221895 0.120039 0.053181
0.176899 -0.132874 -0.13292
-0.165506 0.305562 -0.270017
0.0477019 0.468682 -0.10355
0.204718 0.202286 -0.488627
0.179279 0.248377 -0.0533452
-0.260244 0.425832 -0.0882018
-0.160793 0.202011 -0.356776
-0.391597 0.389966 -0.107632
-0.280366 0.319693 -0.118972
-0.221919 0.0652223 -0.353285
-0.0692316 -0.176019 -0.356687
0.221513 0.46648 -0.00699311
0.385398 0.466115 -0.236204
-0.215894 -0.104898 -0.00992169
-0.0306691 0.293388 0.162902
-0.400915 -0.445812 -0.212745
-0.18738 -0.387654 -0.1841
-0.045557 0.379918 -0.281052
0.445248 -0.343353 0.352086
-0.483359 0.046284 0.359394
-0.435384 0.307626 -0.00134933
-0.371784 0.0294616 -0.0547635
-0.367746 -0.466966 -0.43712
-0.261891 0.137169 -0.212533
-0.300961 0.0958137 0.0398258
0.305759 -0.497521 -0.0197131
-0.357117 -0.0240486 -0.310375
0.154991 0.365623 0.385818
-0.364211 0.413042 -0.460023
0.370466 0.260875 0.338858
-0.0977259 0.281283 -0.111904
-0.184422 0.350258 -0.314141
0.351576 -0.335021 0.412748
-0.329992 -0.359314 -0.307859
0.41999 0.258757 -0.382156
-0.204803 0.487803 0.0124786
-0.0666142 0.0187791 -0.434965
0.0767335 0.0516473 0.0227175
0.197961 -0.125397 -0.375833
0.160007 0.420277 0.188607
0.439846 -0.0109221 -0.460192
-0.272633 -0.213105 0.205305
-0.267534 0.131825 0.0374135
0.433851 0.219232 0.165777
0.0200103 0.47946 -0.451569
-0.363399 0.385228 0.181576
-0.0829997 0.307256 0.233463
0.413399 0.398155 0.180785
-0.244049 0.205811 -0.325199
0.234285 0.326655 0.454239
0.173063 0.34793 0.16483
0.413515 0.133046 -0.42211
0.170612 -0.428534 0.0303381
0.248506 -0.0200499 0.306891
-0.221526 -0.310178 -0.120138
0.264444 0.316377 -0.280053
0.0478524 0.0976411 -0.250585
-0.438279 -0.32515 -0.235901
0.380824 0.459613 -0.278679
-0.0666185 0.0231325 0.0646106
-0.356229 0.462764 -0.393483
0.0339236 -0.0701942 -0.354998
0.315383 0.460674 -0.381445
-0.0361041 -0.313028 -0.38359
0.015455 0.0656488 -0.182023
0.487355 0.488936 0.030901
0.0533945 0.489693 -0.393773
-0.267152 0.105052 -0.473815
-0.469711 -0.172038 0.144726
-0.438657 -0.0511565 -0.366728
-0.427374 -0.279487 -0.42047
0.19188 -0.499319 -0.1175
0.0265595 -0.224001 -0.246324
0.497378 -0.00901071 0.482289
-0.272579 -0.450372 -0.315659
-0.264176 0.100722 0.0193727
0.0850773 0.424167 0.10421
0.133183 -0.289479 -0.331522
-0.375323 0.270652 -0.247624
0.299541 0.357354 -0.423175
0.272754 -0.0943792 -0.260184
-0.0345828 -0.113234 0.111175
0.451589 0.23166 0.0218754
-0.315942 0.164232 0.15861
-0.396818 0.153206 -0.0174277
0.142211 -0.490409 -0.177557
-0.315704 0.245934 -0.186095
0.3011 -0.20116 0.177663
-0.409355 0.157135 0.375219
-0.235436 0.00113954 0.206382
-0.374353 -0.388898 -0.262876
-0.0580937 -0.192394 0.420217
-0.380574 -0.0601709 0.351281
-0.235468 0.413083 0.0600816
-0.344807 -0.0457678 -0.00151016
0.00400609 0.453485 0.25095
-0.427054 0.129185 0.0693736
0.280355 -0.412669 0.367535
-0.431125 0.380838 0.356101
-0.431582 -0.296844 -0.261499
-0.306497 -0.263591 0.0901386
-0.153403 -0.122675 -0.11619
0.0330238 -0.241371 -0.409334
-0.232296 0.369276 -0.279117
-0.190251 -0.351799 -0.478566
-0.392924 -0.381897 0.415079
-0.165007 -0.169683 -0.34915
-0.388048 0.234699 0.0866211
-0.306031 0.420529 0.0953632
-0.231696 0.221818 0.0728017
0.0435359 -0.177437 -0.103632
-0.308085 -0.110563 -0.379508
-0.199189 -0.451994 -0.458158
-0.0314088 0.160224 -0.0115747
-0.416597 -0.383766 -0.179543
0.372976 -0.193226 0.292413
0.463661 0.398967 -0.0214595
-0.0756418 -0.0951348 0.351295
-0.25689 -0.0255557 -0.394592
-0.241866 0.0706752 -0.336885
0.332705 0.204579 -0.425317
-0.39076 0.123047 -0.0230335
0.108919 0.0118788 -0.113714
-0.00967088 -0.177338 0.0574677
-0.058479 0.497178 0.321021
-0.232299 0.344342 0.289556
-0.199064 0.0548232 -0.0678746
-0.162782 0.371439 -0.118783
-0.467978 0.255572 0.0896349
-0.344607 -0.0758125 -0.23979
-0.318997 0.0169697 -0.182569
-0.196622 0.352065 0.0975124
-0.238156 0.189358 -0.458315
0.35174 0.102611 -0.209973
-0.206413 -0.00795743 0.125525
-0.284496 0.272218 -0.210644
-0.193564 0.188451 -0.298873
-0.201913 -0.108724 -0.189124
-0.308229 -0.316756 -0.344281
-0.157577 0.150122 0.0732016
-0.163321 -0.0488663 -0.340543
-0.426364 -0.202026 -0.312128
-0.316808 0.339531 0.14923
0.189053 -0.0718967 -0.156504
-0.300643 0.100968 -0.234423
-0.332819 -0.405845 0.298808
-0.216449 0.406832 -0.488826
0.423005 -0.0253766 -0.397859
0.0765093 -0.304195 -0.0389831
0.0312278 -0.384663 -0.308301
0.331234 -0.136363 0.469844
0.401737 0.140879 -0.272534
0.0115413 0.160223 -0.452353
-0.434514 0.0158226 0.198079
0.314193 0.121871 -0.306052
-0.0717862 0.109888 -0.119912
-0.378009 0.00255659 -0.41068
0.0367175 0.19836 0.0828541
0.449545 0.139004 -0.292081
-0.108687 -0.0923468 0.200973
0.497518 -0.265498 -0.39621
-0.422775 -0.0224859 -0.156084
0.0557987 -0.172175 -0.281492
-0.304324 0.31404 -0.484362
-0.301797 0.201846 0.276315
-0.232247 -0.109298 -0.351635
-0.0568578 -0.00606185 -0.444825
-0.189737 0.104446 -0.0212713
-0.0648184 -0.125966 0.259693
-0.127475 0.165306 -0.47683
-0.341177 -0.0957278 -0.287764
0.481035 0.386142 0.478466
0.403182 -0.0498353 -0.248291
-0.0887972 -0.114993 -0.199974
-0.298554 -0.278994 0.0873814
-0.115929 0.179293 -0.405558
-0.373413 0.157855 0.20696
-0.290024 -0.0282564 -0.348229
-0.0747143 0.0661711 0.264529
0.211868 0.467061 -0.0113218
0.254065 -0.135228 -0.350426
-0.199986 0.12972 -0.0435033
-0.0163296 -0.353295 -0.305095
-0.48631 0.472083 -0.345613
-0.373055 0.22637 0.23342
-0.341767 0.0179022 0.283681
-0.390557 -0.263473 -0.0839792
0.100514 -0.21975 -0.020355
-0.452614 -0.321057 -0.231414
-0.30362 0.19542 0.0724597
0.433406 0.254268 -0.438272
0.252531 -0.28011 -0.365229
-0.24382 0.453591 -0.204361
-0.38925 0.349544 -0.393474
-0.344466 0.439264 0.433359
-0.362055 0.361993 0.0703591
0.183643 -0.131836 0.0224536
-0.127486 0.330525 -0.475647
0.266371 -0.018984 -0.354644
0.00394481 0.47267 0.272269
-0.203221 0.0286881 -0.125534
-0.423051 0.255407 -0.10418
-0.295424 0.442555 -0.0140617
-0.281753 0.459513 -0.0778273
0.306317 -0.209478 0.343871
0.207565 0.48013 0.374055
0.0891564 -0.0938425 -0.000336722
0.103811 0.263323 -0.296912
-0.307062 0.165571 -0.372794
-0.0648575 0.443768 -0.0439726
-0.492891 -0.24219 0.389579
0.127437 0.49136 -0.246362
0.00249359 0.025763 -0.189073
-0.254471 0.12211 0.0495452
-0.254646 -0.459801 -0.349508
-0.210416 0.155617 -0.293993
-0.418249 0.372238 0.493911
-0.368882 0.329944 -0.0643441
0.497296 -0.249898 0.289122
0.348234 0.102542 -0.457807
-0.307639 0.0514686 -0.412275
0.49074 0.413377 0.136315
-0.39313 0.0729014 -0.323615
-0.279266 0.106365 -0.140132
-0.27175 0.106108 0.19425
0.354125 -0.0681744 -0.264711
-0.179283 -0.298714 -0.319872
0.269694 0.133819 0.140814
-0.05902 0.485066 -0.00350344
-0.461372 -0.0137163 0.361563
0.370698 -0.243556 -0.190434
-0.285247 -0.0774553 -0.249787
0.0861527 0.106579 0.0173784
0.447416 0.303713 -0.239606
0.0888134 -0.0694569 -0.234604
0.374193 -0.243684 -0.047806
0.235171 0.00325575 -0.177881
-0.0927227 0.175672 -0.47943
0.00654703 0.0251633 -0.453501
0.25594 0.484243 -0.409715
0.0917019 -0.178283 0.0327702
-0.248442 -0.296188 -0.482616
-0.150785 -0.14606 0.00743021
-0.0295378 -0.150449 -0.240288
-0.301166 0.361551 -0.26261
0.46319 0.130698 -0.299932
-0.362354 0.174516 -0.43211
-0.474715 0.0279056 -0.0276023
-0.219663 -0.252074 -0.419634
0.323427 0.0987464 0.413649
-0.151488 0.111887 0.0613367
0.189423 -0.464976 -0.275719
-0.373168 0.416411 -0.18374
-0.265341 0.132589 0.461198
-0.385533 0.230711 -0.410676
-0.287629 0.0238329 0.305717
-0.183927 -0.217803 -0.260909
-0.462726 -0.435971 -0.342182
-0.292746 -0.148262 0.0865291
-0.120824 -0.274476 -0.29338
0.329473 0.261901 -0.418339
-0.471136 -0.371917 0.411552
0.11638 0.0768085 -0.382381
-0.455953 0.251726 0.168406
0.175538 -0.247979 -0.110216
-0.0276233 0.430833 0.296797
-0.0756396 -0.308365 -0.322368
-0.0344396 0.405454 0.194272
-0.254764 0.0160675 0.288913
-0.474174 0.394632 -0.101778
-0.258665 0.169485 -0.372158
-0.483767 0.48936 0.309984
0.0179411 -0.482704 -0.195498
-0.24586 0.312966 0.136921
0.485495 0.165973 -0.150588
-0.0653857 0.376536 -0.0853091
-0.318678 0.157824 0.293986
-0.492557 0.174256 0.13917
-0.451608 -0.307185 0.0593202
-0.448156 0.386461 0.0760684
-0.0938906 -0.237216 -0.00898734
-0.119514 -0.0724059 -0.0192105
0.0322025 -0.398955 -0.0812235
-0.170287 0.346112 -0.407301
0.240309 0.114719 -0.166812
0.388635 0.133284 -0.412585
0.319924 -0.204255 0.217149
0.104481 0.384503 -0.252513
-0.412455 -0.11686 -0.103553
-0.286598 0.161449 -0.338551
-0.437877 0.242227 -0.256218
-0.252857 0.100819 0.0348252
-0.217456 -0.455625 -0.183454
0.0675967 -0.175022 -0.385988
-0.0531223 0.119053 -0.286906
0.172162 -0.356107 -0.434873
-0.0438947 -0.365598 -0.279131
-0.410204 -0.244953 -0.140023
-0.139401 0.12458 0.161325
-0.289881 0.135472 0.138136
0.429503 0.0437181 -0.373291
0.274985 0.420942 -0.0817441
0.212158 0.0211062 -0.426748
-0.335623 -0.0873488 -0.36924
0.198894 0.00826111 -0.498626
-0.45147 -0.218348 -0.20026
0.0496589 0.405187 -0.344039
-0.213271 -0.218142 -0.400057
-0.436622 0.0998036 -0.212073
0.453144 0.291943 -0.106235
0.110996 -0.125785 -0.334763
0.34726 0.120053 -0.153261
0.0721366 0.409956 0.10073
0.389331 0.186033 0.0674622
0.285128 -0.313716 -0.0615105
-0.162112 -0.105685 0.159471
-0.367281 0.356165 0.131179
0.331167 0.21808 -0.490219
-0.236658 0.229739 0.0621527
0.155769 -0.380069 -0.0273392
-0.324906 0.0105879 -0.0707864
0.0214243 0.207814 -0.109423
-0.243984 -0.0801505 0.146945
0.169953 0.40125 0.34731
-0.36609 0.027155 0.470073
-0.286898 0.346221 0.0491442
0.477249 0.0938684 0.455403
0.260451 -0.229207 -0.398237
-0.36915 -0.0171263 -0.0475862
-0.337362 0.431848 -0.276267
-0.23558 0.00235294 0.12565
0.311861 0.0397518 -0.371947
0.0659922 0.486791 -0.282082
-0.306474 0.094258 -0.46051
0.303024 0.299851 -0.249426
-0.219369 0.374888 0.106825
-0.372974 -0.268757 -0.337527
-0.0364008 -0.233967 -0.281888
-0.357131 0.449305 -0.114389
-0.429304 0.47279 -0.159622
-0.482398 -0.174618 0.122065
-0.365149 -0.37182 -0.301266
-0.232615 -0.0523468 -0.412319
0.168228 0.279203 -0.382524
0.175306 -0.338998 -0.287886
0.216138 -0.0365189 -0.0293798
0.382854 0.457808 -0.156315
0.0442658 0.38977 -0.407176
-0.401498 0.275457 -0.0796317
-0.25449 -0.0484431 -0.33557
0.408394 0.0648919 -0.09718
-0.16645 -0.288261 0.472371
-0.48142 0.0382018 0.492337
0.381235 0.413404 0.318279
-0.0624526 -0.485881 -0.465448
0.0354827 -0.167536 -0.439431
-0.277716 0.441006 -0.309601
0.341392 0.0540915 -0.468436
0.401552 -0.429224 0.322133
-0.461371 -0.130308 0.0501608
0.259109 -0.0447682 -0.183834
-0.429158 -0.31368 -0.366594
-0.44772 -0.362543 0.152332
-0.0598921 -0.138242 -0.307773
-0.422651 -0.0196207 -0.213956
0.0289134 -0.09783 -0.341039
0.0257797 0.179575 -0.282827
-0.312463 0.439417 -0.499678
-0.427736 -0.496874 -0.262311
-0.220052 -0.424716 0.0611058
-0.482801 -0.406134 0.0580212
-0.402328 -0.057171 -0.161955
-0.417847 0.440619 0.32385
-0.240647 -0.0671242 0.0566634
-0.216292 -0.126295 -0.0931078
-0.167198 0.0775877 -0.302114
-0.393452 0.13006 -0.180624
-0.481527 0.340955 0.0891741
0.227575 -0.291269 -0.259744
-0.401406 -0.367767 -0.043828
-0.393013 0.492453 -0.196303
-0.419694 -0.418262 -0.115234
-0.256939 -0.245012 0.176601
0.401082 0.308665 -0.256844
-0.176793 0.331701 -0.341506
0.228318 -0.0799906 0.466567
-0.314027 -0.351269 -0.340218
0.00879563 0.364235 0.0171609
0.260261 -0.387516 0.353063
-0.0971735 0.455178 -0.0862635
-0.398608 -0.125128 -0.358503
0.101427 0.373694 -0.227665
0.125214 -0.226573 -0.301449
-0.386685 0.0152091 -0.164567
0.131482 -0.297764 -0.391934
-0.166284 0.0654959 -0.473874
0.400169 -0.491218 0.00487472
-0.404253 0.0875971 -0.0880404
-0.482293 -0.165507 -0.159708
-0.17686 -0.14207 -0.363322
0.346854 -0.0563547 -0.223307
0.261464 0.0229247 -0.349055
-0.0463429 0.0757241 -0.256196
0.278342 -0.246894 0.0642384
-0.292168 0.45322 0.330257
-0.370825 0.443741 -0.101174
-0.0797619 0.220995 -0.246203
-0.39217 0.109123 -0.0907485
-0.372131 0.0325432 -0.241437
0.441364 0.324763 -0.0824418
-0.45455 -0.101334 0.380098
-0.341285 -0.0239959 0.453147
0.171283 0.14923 0.11284
0.014393 -0.418589 -0.49612
-0.336194 -0.398615 -0.149204
0.0441927 -0.0883119 0.213197
-0.0371266 0.413556 0.258217
0.30452 0.487903 -0.0662591
-0.150391 0.294955 -0.446098
0.0161484 -0.338864 0.0686587
-0.0346408 0.379998 0.0114796
-0.15014 0.000320539 -0.291365
-0.308691 0.19386 0.28673
-0.471361 0.152868 0.351399
-0.446553 0.0361752 -0.0232103
0.00357735 -0.23935 -0.0260818
-0.184196 0.233873 -0.211574
-0.414551 -0.294902 -0.0981797
0.479382 0.401185 -0.0670422
-0.0579391 0.464615 -0.179531
-0.390035 -0.490868 -0.421868
0.0429264 -0.235893 -0.380674
0.0240664 -0.0762177 -0.472197
-0.383497 -0.345887 -0.0544609
-0.221701 -0.0582548 0.022663
0.449198 0.300326 -0.207943
0.231979 0.289437 -0.3001
0.254162 0.26899 -0.390498
-0.444413 0.191943 -0.142158
-0.461819 -0.475715 0.241834
-0.41949 -0.270989 0.411583
-0.250555 0.158549 -0.138568
-0.0544366 0.461876 -0.0338643
-0.444703 -0.121943 0.030049
-0.474426 -0.385778 0.133665
-0.441601 -0.355716 -0.0636061
-0.417518 0.272331 0.342885
-0.409115 -0.452544 -0.365523
-0.421208 0.24133 0.432135
0.265537 -0.0703169 0.0308153
0.0843443 0.439403 -0.0579844
0.0271872 -0.266539 -0.353386
-0.470684 -0.257829 0.0424287
-0.00818411 0.188027 -0.293247
0.18728 0.433729 0.389194
-0.0169036 0.430986 0.196568
-0.221006 -0.0412064 0.208599
-0.483732 0.21105 0.285062
-0.391653 -0.340879 -0.28051
0.211927 0.185502 -0.493871
-0.488077 -0.035525 -0.11698
-0.450567 -0.0707415 -0.29939
-0.439584 -0.399102 0.0461829
0.024942 0.246636 -0.14729
0.45966 0.399503 -0.125449
0.450558 0.250535 -0.324735
-0.367046 0.457631 0.435873
-0.209816 0.329375 -0.00535223
-0.404591 0.445817 -0.0273467
-0.0512076 0.217856 -0.272936
-0.300759 0.481609 0.102777
-0.0304987 0.478641 0.0886427
-0.261053 0.303603 -0.0434554
-0.096396 0.454647 -0.192691
-0.382998 0.136515 0.258706
0.303101 -0.296276 -0.143813
-0.236122 0.318317 -0.0356061
-0.293393 0.146566 0.0330891
-0.252888 0.463754 -0.354627
-0.424668 0.176124 0.30874
0.346193 0.256635 0.0543261
-0.352897 -0.128784 -0.395952
-0.0780232 -0.253545 -0.250443
-0.335243 0.0300915 0.0538467
0.116857 -0.0682652 0.0419181
-0.334655 -0.0342507 0.472987
-0.403354 -0.180488 -0.201354
-0.0710456 0.21724 -0.371462
-0.302548 -0.140871 -0.445222
-0.439986 0.0174093 0.143453
-0.384619 0.322884 -0.404251
0.369484 -0.13857 -0.0285117
-0.272756 0.0163985 -0.0391975
-0.270921 0.448294 -0.0196254
0.293117 -0.427852 0.17243
-0.340614 0.143412 0.240998
0.262808 0.437599 -0.379078
-0.2494 -0.186037 -0.379573
-0.464255 -0.219192 -0.422522
0.109889 -0.186051 -0.317196
-0.364683 0.457086 0.493134
-0.298505 0.209319 0.035969
0.016474 0.457069 -0.286175
-0.0966914 0.453817 -0.341878
-0.00773562 0.456453 -0.401068
0.414419 0.154597 0.379566
-0.487341 0.415713 0.252934
-0.214593 0.408587 -0.354711
-0.378323 0.138462 -0.334715
0.11273 -0.10132 -0.0541996
-0.460821 0.159229 0.317992
-0.451816 0.416887 0.0335578
0.400959 -0.323988 -7.92444e-5
-0.424518 0.0467071 -0.0959087
0.102008 0.453815 0.125363
0.165984 0.497606 -0.0691935
0.49861 0.0731428 -0.205146
0.290192 0.293378 -0.0879526
0.214229 0.0113138 -0.469016
-0.406639 0.0697817 -0.218492
-0.457351 -0.239759 -0.218415
-0.0784739 -0.437894 -0.107819
-0.238216 0.138828 0.125154
-0.209881 -0.265072 0.0493576
-0.0553247 -0.449238 -0.208652
0.322345 -0.325679 -0.271433
-0.380402 0.281389 0.295463
0.274188 -0.0133171 -0.362908
-0.32019 0.470395 -0.184331
-0.282102 -0.100677 -0.275134
0.401331 0.374344 -0.152509
0.383299 0.181398 0.122394
-0.427717 -0.380292 0.0252886
-0.484658 -0.14525 0.155791
-0.22979 0.00175703 0.0585615
-0.387973 -0.0881353 0.107884
0.186641 0.0209051 0.484488
-0.454823 0.322968 0.222004
-0.433009 0.448154 0.0996343
-0.227069 0.172135 -0.294515
0.442984 0.237007 0.0342817
0.24354 0.416269 -0.263739
-0.391834 0.296162 0.260156
-0.489451 0.345694 0.483172
0.463224 0.264605 -0.458874
-0.421642 -0.432783 -0.353698
-0.298128 0.483417 -0.0772302
0.123082 0.0164686 -0.0733868
-0.353956 0.399979 -0.144818
0.0871298 -0.298417 -0.195045
0.1329 -0.0563607 -0.473301
-0.448341 0.304489 -0.125225
-0.205668 0.180363 0.185111
-0.134525 0.389939 -0.446844
0.406773 -0.228246 -0.466623
-0.06094 0.214518 -0.135223
0.271845 0.45521 -0.286512
-0.469577 0.105418 0.306109
-0.450576 0.107051 0.222441
-0.498739 0.346825 0.331571
-0.0402536 0.362373 -0.146511
0.13776 0.0740234 -0.436653
0.246577 0.497019 0.0137948
-0.242364 -0.113221 -0.474667
-0.0831893 0.468574 0.0307163
0.201061 -0.231257 -0.212178
0.100581 -0.0477709 -0.256737
-0.428805 -0.123521 -0.454552
0.144277 0.0725783 -0.200614
-0.0449819 0.336211 -0.196912
0.277371 -0.338883 -0.0759301
-0.452062 0.243809 0.416886
0.158393 0.111741 0.00676282
-0.190287 0.249099 -0.334962
-0.25179 0.142229 -0.289996
-0.287657 0.106227 0.0582848
0.169649 -0.099539 -0.300824
0.276903 -0.425735 -0.19561
-0.438015 -0.115538 -0.316291
0.131717 -0.155167 -0.304648
-0.219962 0.244621 0.0874486
0.0597542 0.359305 -0.265136
-0.183513 0.0717648 -0.442393
0.245911 0.324563 -0.451521
0.067779 -0.0617305 -0.302182
0.46591 0.0969169 0.478979
0.0692854 -0.0850758 -0.235654
-0.142929 -0.341711 0.499218
-0.395365 0.064678 -0.192832
-0.328718 -0.199143 -0.240867
-0.471094 -0.0810863 -0.216787
0.324597 0.418021 -0.365662
-0.330262 0.213565 0.180935
-0.443166 -0.31896 -0.221672
-0.311105 -0.18028 -0.221368
-0.370075 -0.10856 -0.344757
-0.484094 0.475379 0.0981548
-0.19197 0.458758 -0.0334483
-0.187589 -0.320355 -0.342585
-0.259123 0.323674 -0.037757
0.30737 0.151431 -0.19968
-0.398433 0.300219 -0.0222432
0.277706 0.17193 0.104342
0.138162 -0.421303 -0.22483
0.241725 -0.345534 -0.0707079
-0.254564 -0.0639834 0.302997
0.17189 0.0679228 0.0878898
-0.113477 -0.0311178 0.375967
0.315386 -0.255821 0.333578
-0.40508 0.28054 -0.182811
-0.365079 0.350166 -0.40259
-0.488631 0.246853 0.22545
-0.295734 -0.0500006 0.281254
-0.346984 0.342339 -0.0929008
0.48147 -0.475525 0.261245
-0.210173 -0.0334447 0.0852204
-0.443893 0.0404061 -0.0647971
0.0847775 0.0187158 -0.129091
0.0198162 0.100797 -0.251937
0.0294739 0.243975 0.193751
-0.439864 0.298926 -0.0910452
-0.289787 0.188013 -0.280766
-0.378707 0.189546 -0.318477
-0.459031 0.357725 -0.241244
-0.343407 -0.139514 -0.351725
-0.20033 0.499944 0.0368017
0.113119 0.442194 -0.147027
-0.401448 -0.0249486 -0.48908
-0.384508 0.328153 0.477091
-0.214889 0.404169 -0.297154
-0.145775 -0.0697405 0.208674
-0.248164 0.276473 0.110983
-0.195119 0.0457043 -0.283261
-0.48167 -0.178464 -0.0546812
-0.466708 -0.461745 0.0764718
-0.427618 0.158564 0.12454
-0.00159395 0.111632 -0.395571
-0.156417 0.218885 -0.252468
-0.401278 0.148184 0.255636
0.112753 -0.170734 -0.215075
0.325925 0.290061 -0.0959465
-0.453737 -0.0267574 0.177544
-0.229782 0.26106 0.20237
-0.44635 0.440887 0.037533
-0.26027 0.468139 -0.0393172
-0.0632092 -0.0948388 0.497327
-0.21954 0.117711 0.0459953
-0.368831 0.325055 0.0306221
0.199395 -0.0104375 -0.238863
-0.15187 -0.446277 -0.425262
-0.00146098 0.344813 -0.137073
-0.482695 -0.214281 0.40629
-0.314574 -0.00349255 -0.464505
-0.0961875 0.144909 -0.345392
-0.481694 -0.0713147 -0.00485422
0.229917 0.375938 -0.415677
-0.285195 -0.0829597 -0.355881
-0.387994 -0.420978 -0.249292
-0.371536 -0.0167391 0.197201
-0.453661 0.0616866 0.00595911
-0.00794402 -0.48721 -0.474212
0.132509 -0.340397 -0.135017
0.00136945 0.0134655 -0.303946
0.489743 0.483234 -0.465904
0.339813 -0.347218 0.264537
-0.259529 0.229679 0.0591525
-0.253882 0.116232 -0.472553
0.346355 -0.210942 -0.469703
-0.258981 0.493605 -0.083025
-0.398238 -0.0514971 -0.323684
-0.210767 0.134424 -0.339039
-0.457203 -0.248356 -0.416614
-0.482899 0.0519116 0.498951
-0.305236 0.0469804 -0.307555
-0.336663 0.194351 0.268424
0.240379 0.0313984 -0.429655
0.400733 0.218121 0.299941
-0.377387 -0.0677592 -0.158085
0.167165 -0.211564 0.0744187
-0.3201 -0.0545506 0.403753
-0.398874 0.466757 0.186035
-0.324451 0.0119626 -0.265396
-0.123834 0.46365 -0.32269
-0.462677 0.0361415 -0.0957633
-0.296178 0.116302 -0.235391
0.485616 0.109971 -0.333393
-0.266205 0.430529 -0.208555
0.134974 0.448551 -0.440841
-0.387359 0.475174 0.435903
0.112781 -0.473788 -0.425207
0.372653 -0.454268 0.0345036
0.125476 0.463908 -0.16821
0.0944748 -0.00469814 -0.145281
-0.00325552 0.108781 -0.286666
-0.276727 0.0338637 0.198175
-0.231266 -0.00980778 -0.214697
-0.281153 -0.20667 -0.398153
-0.310745 0.164858 -0.227742
-0.0445814 0.153966 -0.312579
-0.199168 0.0722935 0.339994
-0.0479766 0.474704 -0.45074
-0.486189 -0.0389544 0.0461636
0.082845 -0.0877892 -0.3864
-0.456417 0.00328013 0.0216725
-0.410595 -0.445762 -0.289925
-0.416491 0.154788 -0.422881
-0.111895 0.338828 0.0769342
-0.448595 -0.134849 -0.3618
0.492233 -0.200734 -0.478864
-0.3357 0.132851 -0.411796
-0.255979 0.418172 -0.242056
-0.253327 0.478493 0.0742598
-0.389645 0.0219511 0.477255
-0.446124 0.236349 -0.154389
-0.285702 0.314223 -0.24364
-0.383346 0.330017 0.00599964
-0.39894 -0.391131 0.290229
-0.23326 -0.0290537 0.165191
0.175551 0.483196 -0.0659106
-0.241382 0.427312 -0.36216
-0.331017 -0.0315161 -0.0784202
0.200068 -0.45609 -0.372015
-0.0264776 0.168724 -0.187765
-0.443261 0.46989 0.0974413
-0.399927 -0.000640854 -0.0597495
-0.219392 0.038091 -0.190326
-0.359054 0.374488 -0.383811
-0.156947 -0.384329 0.155921
-0.358496 -0.00902854 0.213255
0.115443 0.371164 -0.478379
0.430596 0.114942 -0.3043
-0.0615183 0.464626 0.244995
0.0561163 0.427613 -0.335588
0.321069 0.348039 -0.137643
-0.236235 0.402452 -0.11934
-0.498512 -0.359441 -0.313178
-0.360354 0.481421 0.0708917
0.401765 0.123374 -0.248731
0.275283 -0.196772 -0.497667
-0.354291 0.46309 -0.487824
0.291502 -0.426347 -0.020956
0.14256 -0.140756 -0.349452
-0.355363 -0.120003 -0.458014
0.323483 -0.499736 -0.15496
-0.374976 0.427978 -0.119293
0.43205 0.20282 -0.186105
-0.442937 0.249011 0.21995
-0.477709 -0.0340522 0.297484
0.031202 0.46678 -0.103342
-0.276672 0.172389 0.261133
-0.0973462 0.476601 -0.016611
-0.031521 0.356899 -0.465654
-0.375629 0.346101 0.25533
-0.184552 0.461369 -0.0374681
-0.04934 0.0537033 -0.236824
0.11585 0.0593402 -0.158418
-0.161969 0.284007 0.362604
0.25651 0.45239 -0.223416
-0.0515476 0.348226 -0.1072
0.0514988 -0.0716452 0.33295
-0.366408 -0.132597 -0.0961475
0.215554 -0.0647841 -0.25693
-0.387701 0.305487 -0.169111
-0.265874 0.333469 0.0081183
-0.119673 0.435721 -0.198544
-0.340912 -0.130719 0.0241042
-0.486797 0.166199 -0.0995854
-0.0722141 0.147095 -0.2013
-0.426419 0.399229 -0.177174
0.201303 0.392681 -0.0920821
-0.312938 0.212216 0.499695
-0.353878 0.410294 -0.442257
-0.250039 0.390549 -0.111652
-0.342568 0.0534201 0.0576912
-0.0233388 0.434562 -0.0876263
-0.242309 -0.0715446 -0.375849
-0.200688 0.0485509 -0.346598
-0.453899 0.49017 -0.129598
0.25044 0.445532 -0.281911
-0.317125 0.381777 0.341538
-0.0180279 0.367107 0.0138711
-0.436957 -0.234382 -0.495968
-0.271897 0.0321869 -0.302062
-0.174151 0.255175 -0.177585
0.232524 0.499619 0.00491017
0.49612 -0.192793 -0.218004
-0.244751 -0.0863147 -0.0262383
-0.0504146 0.482358 -0.203197
-0.380034 0.215661 0.430504
0.234991 -0.01996 -0.471608
-0.273558 0.240337 0.0491426
-0.404103 0.124645 -0.482209
0.448485 -0.358679 -0.446584
-0.141711 0.302996 -0.0993028
0.186223 -0.149407 -0.287981
-0.00866535 0.327496 -0.152832
-0.0368917 0.0550362 -0.083896
0.129283 0.331178 -0.38211
-0.352595 0.35292 -0.363738
-0.135832 0.358643 -0.179427
0.257204 0.474745 -0.481881
0.0835902 -0.341912 -0.272371
-0.126314 0.369174 -0.203948
-0.447769 0.46992 -0.497225
0.25696 0.331744 -0.0185777
-0.129975 0.347539 0.00963148
0.195498 -0.18768 -0.237799
-0.268457 0.328709 -0.255316
-0.118099 -0.16632 -0.341122
-0.456491 -0.335051 0.168166
-0.493299 -0.0322594 0.112357
-0.466598 -0.00967573 0.0685007
-0.255711 -0.0357582 -0.0255075
-0.460184 -0.300504 0.468854
-0.347016 0.198575 0.272617
-0.0256198 0.0722549 -0.219277
-0.334885 0.392928 -0.260544
-0.465072 0.0353964 0.151514
-0.379431 0.144497 0.257743
-0.303559 0.0147934 0.150054
0.313742 0.413435 0.00347194
-0.100764 0.271938 -0.0555826
-0.0778661 0.498445 -0.172335
-0.416099 0.00220272 0.185781
-0.392562 0.0486951 0.156081
-0.0993046 0.0313625 0.0133472
-0.369764 0.168581 0.333672
0.359254 0.0979159 -0.135712
-0.457451 0.0760806 0.37681
-0.375792 -0.24513 0.40061
-0.299048 0.00368354 -0.125032
-0.358706 -0.00412996 0.0617363
-0.0519505 0.446792 -0.195056
-0.497648 0.0301863 -0.483307
0.0657673 0.275644 -0.104482
-0.216811 -0.4356 -0.181495
-0.378188 0.00971481 0.187397
-0.255868 -0.027854 0.0415785
-0.331576 -0.281301 -0.489777
-0.310335 -0.0453161 0.157494
-0.496264 -0.481229 -0.151818
-0.342743 0.163636 0.234248
-0.252253 0.0393125 0.131279
0.477076 0.244089 -0.0500388
-0.360324 -0.123347 -0.171396
0.452309 0.153909 0.324724
-0.358206 0.0462595 0.345845
-0.241289 -0.0742264 -0.444333
0.179993 0.421895 -0.199598
-0.200396 0.216269 -0.136082
0.375913 0.064231 -0.239292
-0.44833 0.0690243 0.0441768
-0.0716039 0.20754 -0.170344
0.409939 0.173547 0.341869
0.403096 0.261335 0.285188
-0.400431 0.10318 0.269656
0.431769 0.125659 -0.293462
-0.34366 -0.0164398 0.200485
-0.27468 -0.0208297 0.114017
0.387011 0.0732543 -0.110448
0.0341043 0.0761264 -0.194764
-0.31577 -0.00695084 0.167096
0.451136 0.28393 0.261951
-0.36576 0.00302427 -0.0611144
-0.365389 -0.0479915 0.0049379
-0.31698 -0.0696769 0.200216
-0.441894 0.324258 -0.302836
0.361669 -0.262339 -0.499373
-0.194784 0.217564 -0.196868
0.453066 0.153731 0.423063
-0.337901 0.053083 0.354914
0.328156 0.1923 -0.160502
-0.0657799 0.400002 0.221688
-0.151987 0.118597 -0.119085
-0.497853 -0.0493542 0.0643758
0.311526 -0.191981 -0.477514
-0.449202 0.0489694 0.215922
-0.373395 -0.0354959 0.284607
-0.388258 0.0189505 0.467787
-0.493984 0.198567 -0.0977043
0.437315 0.038773 -0.183389
-0.222246 -0.0331409 -0.0209759
-0.0614976 0.2544 -0.0740343
-0.40604 0.0932615 0.251433
0.330194 0.184988 -0.172474
0.417819 0.0489888 -0.204424
0.372814 0.118723 -0.217147
0.486253 0.147081 -0.170947
-0.423463 -0.00459396 0.362162
-0.244694 -0.0181045 0.41439
-0.262482 0.0969274 -0.0692134
-0.384244 -0.130917 -0.462133
0.231982 -0.388051 -0.354138
0.395143 0.186386 0.329732
-0.23831 -0.1002 -0.412834
0.361576 0.0973905 -0.234514
0.0367831 0.306839 -0.116372
-0.421912 0.104569 0.252891
0.148157 -0.33387 -0.324621
0.486623 0.168364 0.385103
-0.444012 0.0478006 0.243278
0.21248 -0.251358 -0.328157
0.476119 0.181282 0.292756
0.341915 0.116882 -0.25853
-0.0776304 0.237401 -0.153644
-0.0461402 0.343956 -0.171211
-0.343432 0.0242807 0.0281421
-0.258648 0.0754772 -0.0223983
0.380214 0.091089 -0.199768
0.0172303 0.276203 -0.148063
-0.335891 0.00988814 0.0165867
-0.485766 -0.0653826 -0.0296509
-0.214691 0.0488617 -0.00810483
