0.240803 0.217969 0.340859
-0.021493 0.419034 -0.217211
-0.226695 0.285814 -0.106171
0.497005 -0.33059 0.281604
0.213162 0.443982 0.00481349
-0.0175288 -0.0303536 0.408451
0.408214 -0.239505 -0.445902
0.185409 0.440178 0.14166
0.479478 -0.1216 -0.0482509
-0.218745 -0.0467691 0.0780037
0.430605 0.0156237 -0.0388093
-0.0502604 -0.0327908 -0.448457
0.437236 -0.407582 0.0743549
-0.200719 -0.341468 -0.0189481
0.421705 0.109775 -0.15285
0.312224 -0.322442 -0.0366035
0.423729 0.370754 -0.342719
0.316184 0.372244 0.201597
0.0828675 0.0299718 -0.163581
-0.318271 -0.0472118 -0.36268
